"OptionSet","Exploit","Seconds","Filter","All","NoDispute","DisputeArises","LitigQuality","PFiles","DAnswers","PBargains1","DBargains1","POffer1","DOffer1","POfferMixedness1","DOfferMixedness1","Settles1","PBet1","DBet1","PBetMixedness1","DBetMixedness1","PAbandons1","DDefaults1","Trial","PWinPct","PWealth","DWealth","PWelfare","DWelfare","TotExpense","False+","False-","False+-","False+^2","False-^2","PDSWelfare","Chips","Settles","ValIfSettled","PAbandons","DDefaults","BothReadyToGiveUp","TrulyLiable","PrimaryAction","MutualOptimism","P Files","D Answers","PDoesntFile","DDoesntAnswer","SettlesBR1","PAbandonsBR1","DDefaultsBR1","P Loses","P Wins"
"FSA Costs Multiplier 1 Fee Shifting Multiplier 1.5 D More Risk Averse","1.532E-05","1704","All",1,0,1,0.499995,1,0,1,1,,,,,0,,,,,0,0,0,,10.85,9,1000.15,999.82,0.15,0.500006,0.0749991,0.575005,0.500006,0.0112499,0,0,0,,0,0,0,0.499994,0,7.5023E-06,1,0,0,1,0,0,0,0,0
"FSA Costs Multiplier 1 Fee Shifting Multiplier 1.5 D More Risk Averse","1.532E-05","1704","NoDispute",0,0,0,,,,,,,,,,,,,,,,,,,,,,,,,,,,,,,,,,,,,,,,,,,,,,,
"FSA Costs Multiplier 1 Fee Shifting Multiplier 1.5 D More Risk Averse","1.532E-05","1704","DisputeArises",1,0,1,0.499995,1,0,1,1,,,,,0,,,,,0,0,0,,10.85,9,1000.15,999.82,0.15,0.500006,0.0749991,0.575005,0.500006,0.0112499,0,0,0,,0,0,0,0.499994,0,7.5023E-06,1,0,0,1,0,0,0,0,0
"FSA Costs Multiplier 1 Fee Shifting Multiplier 1.5 D More Risk Averse","1.532E-05","1704","PFiles",1,0,1,0.499995,1,0,1,1,,,,,0,,,,,0,0,0,,10.85,9,1000.15,999.82,0.15,0.500006,0.0749991,0.575005,0.500006,0.0112499,0,0,0,,0,0,0,0.499994,0,7.5023E-06,1,0,0,1,0,0,0,0,0
"FSA Costs Multiplier 1 Fee Shifting Multiplier 1.5 D More Risk Averse","1.532E-05","1704","DAnswers",0,0,0,,,,,,,,,,,,,,,,,,,,,,,,,,,,,,,,,,,,,,,,,,,,,,,
"FSA Costs Multiplier 1 Fee Shifting Multiplier 1.5 D More Risk Averse","1.532E-05","1704","Litigated",0,0,0,,,,,,,,,,,,,,,,,,,,,,,,,,,,,,,,,,,,,,,,,,,,,,,
"FSA Costs Multiplier 1 Fee Shifting Multiplier 1.5 D More Risk Averse","1.532E-05","1704","Not Litigated",1,0,1,0.499995,1,0,1,1,,,,,0,,,,,0,0,0,,10.85,9,1000.15,999.82,0.15,0.500006,0.0749991,0.575005,0.500006,0.0112499,0,0,0,,0,0,0,0.499994,0,7.5023E-06,1,0,0,1,0,0,0,0,0
"FSA Costs Multiplier 1 Fee Shifting Multiplier 1.5 D More Risk Averse","1.532E-05","1704","Settles",0,0,0,,,,,,,,,,,,,,,,,,,,,,,,,,,,,,,,,,,,,,,,,,,,,,,
"FSA Costs Multiplier 1 Fee Shifting Multiplier 1.5 D More Risk Averse","1.532E-05","1704","Tried",0,0,0,,,,,,,,,,,,,,,,,,,,,,,,,,,,,,,,,,,,,,,,,,,,,,,
"FSA Costs Multiplier 1 Fee Shifting Multiplier 1.5 D More Risk Averse","1.532E-05","1704","PWins",0,0,0,,,,,,,,,,,,,,,,,,,,,,,,,,,,,,,,,,,,,,,,,,,,,,,
"FSA Costs Multiplier 1 Fee Shifting Multiplier 1.5 D More Risk Averse","1.532E-05","1704","DWins",0,0,0,,,,,,,,,,,,,,,,,,,,,,,,,,,,,,,,,,,,,,,,,,,,,,,
"FSA Costs Multiplier 1 Fee Shifting Multiplier 1.5 D More Risk Averse","1.532E-05","1704","Abandoned",0,0,0,,,,,,,,,,,,,,,,,,,,,,,,,,,,,,,,,,,,,,,,,,,,,,,
"FSA Costs Multiplier 1 Fee Shifting Multiplier 1.5 D More Risk Averse","1.532E-05","1704","Rounds1",0,0,0,,,,,,,,,,,,,,,,,,,,,,,,,,,,,,,,,,,,,,,,,,,,,,,
"FSA Costs Multiplier 1 Fee Shifting Multiplier 1.5 D More Risk Averse","1.532E-05","1704","PrePrimary1",0,0,0,,,,,,,,,,,,,,,,,,,,,,,,,,,,,,,,,,,,,,,,,,,,,,,
"FSA Costs Multiplier 1 Fee Shifting Multiplier 1.5 D More Risk Averse","1.532E-05","1704","PrePrimary2",0,0,0,,,,,,,,,,,,,,,,,,,,,,,,,,,,,,,,,,,,,,,,,,,,,,,
"FSA Costs Multiplier 1 Fee Shifting Multiplier 1.5 D More Risk Averse","1.532E-05","1704","PrePrimary3",0,0,0,,,,,,,,,,,,,,,,,,,,,,,,,,,,,,,,,,,,,,,,,,,,,,,
"FSA Costs Multiplier 1 Fee Shifting Multiplier 1.5 D More Risk Averse","1.532E-05","1704","PrePrimary4",0,0,0,,,,,,,,,,,,,,,,,,,,,,,,,,,,,,,,,,,,,,,,,,,,,,,
"FSA Costs Multiplier 1 Fee Shifting Multiplier 1.5 D More Risk Averse","1.532E-05","1704","PrePrimary5",0,0,0,,,,,,,,,,,,,,,,,,,,,,,,,,,,,,,,,,,,,,,,,,,,,,,
"FSA Costs Multiplier 1 Fee Shifting Multiplier 1.5 D More Risk Averse","1.532E-05","1704","PrePrimary6",0,0,0,,,,,,,,,,,,,,,,,,,,,,,,,,,,,,,,,,,,,,,,,,,,,,,
"FSA Costs Multiplier 1 Fee Shifting Multiplier 1.5 D More Risk Averse","1.532E-05","1704","PrePrimary7",0,0,0,,,,,,,,,,,,,,,,,,,,,,,,,,,,,,,,,,,,,,,,,,,,,,,
"FSA Costs Multiplier 1 Fee Shifting Multiplier 1.5 D More Risk Averse","1.532E-05","1704","PrePrimary8",0,0,0,,,,,,,,,,,,,,,,,,,,,,,,,,,,,,,,,,,,,,,,,,,,,,,
"FSA Costs Multiplier 1 Fee Shifting Multiplier 1.5 D More Risk Averse","1.532E-05","1704","PrePrimary9",0,0,0,,,,,,,,,,,,,,,,,,,,,,,,,,,,,,,,,,,,,,,,,,,,,,,
"FSA Costs Multiplier 1 Fee Shifting Multiplier 1.5 D More Risk Averse","1.532E-05","1704","PrePrimary10",0,0,0,,,,,,,,,,,,,,,,,,,,,,,,,,,,,,,,,,,,,,,,,,,,,,,
"FSA Costs Multiplier 1 Fee Shifting Multiplier 1.5 D More Risk Averse","1.532E-05","1704","Truly Liable",0.5,0,0.499994,0.716723,1,0,1,1,,,,,0,,,,,0,0,0,,10.85,9,1000.15,999.82,0.15,0,0.15,0.15,0,0.0225,0,0,0,,0,0,0,1,0,1.15263E-05,1,0,0,1,0,0,0,0,0
"FSA Costs Multiplier 1 Fee Shifting Multiplier 1.5 D More Risk Averse","1.532E-05","1704","Truly Not Liable",0.5,0,0.500006,0.283273,1,0,1,1,,,,,0,,,,,0,0,0,,10.85,9,1000.15,999.82,0.15,1,0,1,1,0,0,0,0,,0,0,0,0,0,3.4784E-06,1,0,0,1,0,0,0,0,0
"FSA Costs Multiplier 1 Fee Shifting Multiplier 1.5 D More Risk Averse","1.532E-05","1704","AllCount",250,0,250,0.499995,250,0,250,250,,,,,0,,,,,0,0,0,,10.85,9,1000.15,999.82,0.15,0.500006,0.0749991,0.575005,0.500006,0.0112499,0,0,0,,0,0,0,124.998,0,7.5023E-06,250,0,0,250,0,0,0,0,0
"FSA Costs Multiplier 1 Fee Shifting Multiplier 1.5 D More Risk Averse","1.532E-05","1704","Liability Strength1",0.2261,0,0.226114,0.1,1,0,1,1,,,,,0,,,,,0,0,0,,10.85,9,1000.15,999.82,0.15,0.960034,0.0059949,0.966029,0.960034,0.000899229,0,0,0,,0,0,0,0.0399657,0,-6.39492E-06,1,0,0,1,0,0,0,0,0
"FSA Costs Multiplier 1 Fee Shifting Multiplier 1.5 D More Risk Averse","1.532E-05","1704","Liability Strength2",0.1902,0,0.190224,0.3,1,0,1,1,,,,,0,,,,,0,0,0,,10.85,9,1000.15,999.82,0.15,0.830511,0.0254234,0.855934,0.830511,0.00381351,0,0,0,,0,0,0,0.169489,0,4.91077E-06,1,0,0,1,0,0,0,0,0
"FSA Costs Multiplier 1 Fee Shifting Multiplier 1.5 D More Risk Averse","1.532E-05","1704","Liability Strength3",0.1673,0,0.167339,0.5,1,0,1,1,,,,,0,,,,,0,0,0,,10.85,9,1000.15,999.82,0.15,0.5,0.075,0.575,0.5,0.01125,0,0,0,,0,0,0,0.5,0,2.11357E-05,1,0,0,1,0,0,0,0,0
"FSA Costs Multiplier 1 Fee Shifting Multiplier 1.5 D More Risk Averse","1.532E-05","1704","Liability Strength4",0.1902,0,0.19022,0.7,1,0,1,1,,,,,0,,,,,0,0,0,,10.85,9,1000.15,999.82,0.15,0.169489,0.124577,0.294066,0.169489,0.0186865,0,0,0,,0,0,0,0.830511,0,1.64073E-05,1,0,0,1,0,0,0,0,0
"FSA Costs Multiplier 1 Fee Shifting Multiplier 1.5 D More Risk Averse","1.532E-05","1704","Liability Strength5",0.2261,0,0.226104,0.9,1,0,1,1,,,,,0,,,,,0,0,0,,10.85,9,1000.15,999.82,0.15,0.0399657,0.144005,0.183971,0.0399657,0.0216008,0,0,0,,0,0,0,0.960034,0,5.99868E-06,1,0,0,1,0,0,0,0,0
"FSA Costs Multiplier 1 Fee Shifting Multiplier 1.5 D More Risk Averse","1.532E-05","1704","PLiabilitySignal1",0.1861,0,0.18607,0.179301,1,0,1,1,,,,,0,,,,,0,0,0,,10.85,9,1000.15,999.82,0.15,0.894793,0.0157811,0.910574,0.894793,0.00236717,0,0,0,,0,0,0,0.105207,0,-0.80637,1,0,0,1,0,0,0,0,0
"FSA Costs Multiplier 1 Fee Shifting Multiplier 1.5 D More Risk Averse","1.532E-05","1704","PLiabilitySignal2",0.2124,0,0.21239,0.292925,1,0,1,1,,,,,0,,,,,0,0,0,,10.85,9,1000.15,999.82,0.15,0.769249,0.0346126,0.803862,0.769249,0.00519189,0,0,0,,0,0,0,0.230751,0,-0.21118,1,0,0,1,0,0,0,0,0
"FSA Costs Multiplier 1 Fee Shifting Multiplier 1.5 D More Risk Averse","1.532E-05","1704","PLiabilitySignal3",0.2031,0,0.20309,0.499995,1,0,1,1,,,,,0,,,,,0,0,0,,10.85,9,1000.15,999.82,0.15,0.500007,0.074999,0.575006,0.500007,0.0112499,0,0,0,,0,0,0,0.499993,0,4E-05,1,0,0,1,0,0,0,0,0
"FSA Costs Multiplier 1 Fee Shifting Multiplier 1.5 D More Risk Averse","1.532E-05","1704","PLiabilitySignal4",0.2124,0,0.21239,0.707075,1,0,1,1,,,,,0,,,,,0,0,0,,10.85,9,1000.15,999.82,0.15,0.230751,0.115387,0.346138,0.230751,0.0173081,0,0,0,,0,0,0,0.769249,0,0.21118,1,0,0,1,0,0,0,0,0
"FSA Costs Multiplier 1 Fee Shifting Multiplier 1.5 D More Risk Averse","1.532E-05","1704","PLiabilitySignal5",0.1861,0,0.18606,0.820695,1,0,1,1,,,,,0,,,,,0,0,0,,10.85,9,1000.15,999.82,0.15,0.105212,0.134218,0.23943,0.105212,0.0201327,0,0,0,,0,0,0,0.894788,0,0.80641,1,0,0,1,0,0,0,0,0
"FSA Costs Multiplier 1 Fee Shifting Multiplier 1.5 D More Risk Averse","1.532E-05","1704","DLiabilitySignal1",0.1861,0,0.186069,0.179304,1,0,1,1,,,,,0,,,,,0,0,0,,10.85,9,1000.15,999.82,0.15,0.894789,0.0157816,0.910571,0.894789,0.00236725,0,0,0,,0,0,0,0.105211,0,0.806395,1,0,0,1,0,0,0,0,0
"FSA Costs Multiplier 1 Fee Shifting Multiplier 1.5 D More Risk Averse","1.532E-05","1704","DLiabilitySignal2",0.2124,0,0.212394,0.292924,1,0,1,1,,,,,0,,,,,0,0,0,,10.85,9,1000.15,999.82,0.15,0.769251,0.0346124,0.803863,0.769251,0.00519186,0,0,0,,0,0,0,0.230749,0,0.211167,1,0,0,1,0,0,0,0,0
"FSA Costs Multiplier 1 Fee Shifting Multiplier 1.5 D More Risk Averse","1.532E-05","1704","DLiabilitySignal3",0.2031,0,0.20309,0.499998,1,0,1,1,,,,,0,,,,,0,0,0,,10.85,9,1000.15,999.82,0.15,0.500002,0.0749996,0.575002,0.500002,0.0112499,0,0,0,,0,0,0,0.499998,0,-1.48446E-05,1,0,0,1,0,0,0,0,0
"FSA Costs Multiplier 1 Fee Shifting Multiplier 1.5 D More Risk Averse","1.532E-05","1704","DLiabilitySignal4",0.2124,0,0.212391,0.707073,1,0,1,1,,,,,0,,,,,0,0,0,,10.85,9,1000.15,999.82,0.15,0.230752,0.115387,0.34614,0.230752,0.0173081,0,0,0,,0,0,0,0.769248,0,-0.211192,1,0,0,1,0,0,0,0,0
"FSA Costs Multiplier 1 Fee Shifting Multiplier 1.5 D More Risk Averse","1.532E-05","1704","DLiabilitySignal5",0.1861,0,0.186057,0.820699,1,0,1,1,,,,,0,,,,,0,0,0,,10.85,9,1000.15,999.82,0.15,0.105207,0.134219,0.239426,0.105207,0.0201328,0,0,0,,0,0,0,0.894793,0,-0.806366,1,0,0,1,0,0,0,0,0
"FSA Costs Multiplier 1 Fee Shifting Multiplier 1.5 D More Risk Averse","1.532E-05","1704","MutOptLiability5",0,0,0,,,,,,,,,,,,,,,,,,,,,,,,,,,,,,,,,,,,,,,,,,,,,,,
"FSA Costs Multiplier 1 Fee Shifting Multiplier 1.5 D More Risk Averse","1.532E-05","1704","MutOptLiability4",0.0013,0,0.00134521,0.5,1,0,1,1,,,,,0,,,,,0,0,0,,10.85,9,1000.15,999.82,0.15,0.5,0.075,0.575,0.5,0.01125,0,0,0,,0,0,0,0.5,0,4,1,0,0,1,0,0,0,0,0
"FSA Costs Multiplier 1 Fee Shifting Multiplier 1.5 D More Risk Averse","1.532E-05","1704","MutOptLiability3",0.0146,0,0.0146465,0.500001,1,0,1,1,,,,,0,,,,,0,0,0,,10.85,9,1000.15,999.82,0.15,0.499999,0.0750002,0.574999,0.499999,0.01125,0,0,0,,0,0,0,0.500001,0,3,1,0,0,1,0,0,0,0,0
"FSA Costs Multiplier 1 Fee Shifting Multiplier 1.5 D More Risk Averse","1.532E-05","1704","MutOptLiability2",0.0776,0,0.0776297,0.499993,1,0,1,1,,,,,0,,,,,0,0,0,,10.85,9,1000.15,999.82,0.15,0.500009,0.0749987,0.575007,0.500009,0.0112498,0,0,0,,0,0,0,0.499991,0,2,1,0,0,1,0,0,0,0,0
"FSA Costs Multiplier 1 Fee Shifting Multiplier 1.5 D More Risk Averse","1.532E-05","1704","MutOptLiability1",0.226,0,0.226017,0.499999,1,0,1,1,,,,,0,,,,,0,0,0,,10.85,9,1000.15,999.82,0.15,0.500002,0.0749998,0.575001,0.500002,0.01125,0,0,0,,0,0,0,0.499998,0,1,1,0,0,1,0,0,0,0,0
"FSA Costs Multiplier 1 Fee Shifting Multiplier 1.5 D More Risk Averse","1.532E-05","1704","MutOptLiability0",0.3607,0,0.360723,0.499994,1,0,1,1,,,,,0,,,,,0,0,0,,10.85,9,1000.15,999.82,0.15,0.500008,0.0749989,0.575006,0.500008,0.0112498,0,0,0,,0,0,0,0.499992,0,0,1,0,0,1,0,0,0,0,0
"FSA Costs Multiplier 1 Fee Shifting Multiplier 1.5 D More Risk Averse","1.532E-05","1704","MutOptLiability-1",0.226,0,0.226021,0.499996,1,0,1,1,,,,,0,,,,,0,0,0,,10.85,9,1000.15,999.82,0.15,0.500005,0.0749993,0.575004,0.500005,0.0112499,0,0,0,,0,0,0,0.499995,0,-1,1,0,0,1,0,0,0,0,0
"FSA Costs Multiplier 1 Fee Shifting Multiplier 1.5 D More Risk Averse","1.532E-05","1704","MutOptLiability-2",0.0776,0,0.0776271,0.499989,1,0,1,1,,,,,0,,,,,0,0,0,,10.85,9,1000.15,999.82,0.15,0.500015,0.0749978,0.575012,0.500015,0.0112497,0,0,0,,0,0,0,0.499985,0,-2,1,0,0,1,0,0,0,0,0
"FSA Costs Multiplier 1 Fee Shifting Multiplier 1.5 D More Risk Averse","1.532E-05","1704","MutOptLiability-3",0.0146,0,0.0146469,0.499995,1,0,1,1,,,,,0,,,,,0,0,0,,10.85,9,1000.15,999.82,0.15,0.500007,0.074999,0.575006,0.500007,0.0112499,0,0,0,,0,0,0,0.499993,0,-3,1,0,0,1,0,0,0,0,0
"FSA Costs Multiplier 1 Fee Shifting Multiplier 1.5 D More Risk Averse","1.532E-05","1704","MutOptLiability-4",0.0013,0,0.00134343,0.5,1,0,1,1,,,,,0,,,,,0,0,0,,10.85,9,1000.15,999.82,0.15,0.5,0.075,0.575,0.5,0.01125,0,0,0,,0,0,0,0.5,0,-4,1,0,0,1,0,0,0,0,0
"FSA Costs Multiplier 1 Fee Shifting Multiplier 1.5 D More Risk Averse","1.532E-05","1704","MutOptLiability-5",0,0,0,,,,,,,,,,,,,,,,,,,,,,,,,,,,,,,,,,,,,,,,,,,,,,,
"FSA Costs Multiplier 1 Fee Shifting Multiplier 1.5 D More Risk Averse","1.532E-05","1704","Truly Liable MutOptLiability5",0,0,0,,,,,,,,,,,,,,,,,,,,,,,,,,,,,,,,,,,,,,,,,,,,,,,
"FSA Costs Multiplier 1 Fee Shifting Multiplier 1.5 D More Risk Averse","1.532E-05","1704","Truly Liable MutOptLiability4",0.0007,0,0.000672607,0.584822,1,0,1,1,,,,,0,,,,,0,0,0,,10.85,9,1000.15,999.82,0.15,0,0.15,0.15,0,0.0225,0,0,0,,0,0,0,1,0,4,1,0,0,1,0,0,0,0,0
"FSA Costs Multiplier 1 Fee Shifting Multiplier 1.5 D More Risk Averse","1.532E-05","1704","Truly Liable MutOptLiability3",0.0073,0,0.00732329,0.622533,1,0,1,1,,,,,0,,,,,0,0,0,,10.85,9,1000.15,999.82,0.15,0,0.15,0.15,0,0.0225,0,0,0,,0,0,0,1,0,3,1,0,0,1,0,0,0,0,0
"FSA Costs Multiplier 1 Fee Shifting Multiplier 1.5 D More Risk Averse","1.532E-05","1704","Truly Liable MutOptLiability2",0.0388,0,0.0388142,0.672431,1,0,1,1,,,,,0,,,,,0,0,0,,10.85,9,1000.15,999.82,0.15,0,0.15,0.15,0,0.0225,0,0,0,,0,0,0,1,0,2,1,0,0,1,0,0,0,0,0
"FSA Costs Multiplier 1 Fee Shifting Multiplier 1.5 D More Risk Averse","1.532E-05","1704","Truly Liable MutOptLiability1",0.113,0,0.113008,0.716847,1,0,1,1,,,,,0,,,,,0,0,0,,10.85,9,1000.15,999.82,0.15,0,0.15,0.15,0,0.0225,0,0,0,,0,0,0,1,0,1,1,0,0,1,0,0,0,0,0
"FSA Costs Multiplier 1 Fee Shifting Multiplier 1.5 D More Risk Averse","1.532E-05","1704","Truly Liable MutOptLiability0",0.1804,0,0.180359,0.744262,1,0,1,1,,,,,0,,,,,0,0,0,,10.85,9,1000.15,999.82,0.15,0,0.15,0.15,0,0.0225,0,0,0,,0,0,0,1,0,0,1,0,0,1,0,0,0,0,0
"FSA Costs Multiplier 1 Fee Shifting Multiplier 1.5 D More Risk Averse","1.532E-05","1704","Truly Liable MutOptLiability-1",0.113,0,0.113009,0.716847,1,0,1,1,,,,,0,,,,,0,0,0,,10.85,9,1000.15,999.82,0.15,0,0.15,0.15,0,0.0225,0,0,0,,0,0,0,1,0,-1,1,0,0,1,0,0,0,0,0
"FSA Costs Multiplier 1 Fee Shifting Multiplier 1.5 D More Risk Averse","1.532E-05","1704","Truly Liable MutOptLiability-2",0.0388,0,0.0388124,0.672427,1,0,1,1,,,,,0,,,,,0,0,0,,10.85,9,1000.15,999.82,0.15,0,0.15,0.15,0,0.0225,0,0,0,,0,0,0,1,0,-2,1,0,0,1,0,0,0,0,0
"FSA Costs Multiplier 1 Fee Shifting Multiplier 1.5 D More Risk Averse","1.532E-05","1704","Truly Liable MutOptLiability-3",0.0073,0,0.00732337,0.62253,1,0,1,1,,,,,0,,,,,0,0,0,,10.85,9,1000.15,999.82,0.15,0,0.15,0.15,0,0.0225,0,0,0,,0,0,0,1,0,-3,1,0,0,1,0,0,0,0,0
"FSA Costs Multiplier 1 Fee Shifting Multiplier 1.5 D More Risk Averse","1.532E-05","1704","Truly Liable MutOptLiability-4",0.0007,0,0.000671713,0.584822,1,0,1,1,,,,,0,,,,,0,0,0,,10.85,9,1000.15,999.82,0.15,0,0.15,0.15,0,0.0225,0,0,0,,0,0,0,1,0,-4,1,0,0,1,0,0,0,0,0
"FSA Costs Multiplier 1 Fee Shifting Multiplier 1.5 D More Risk Averse","1.532E-05","1704","Truly Liable MutOptLiability-5",0,0,0,,,,,,,,,,,,,,,,,,,,,,,,,,,,,,,,,,,,,,,,,,,,,,,
"FSA Costs Multiplier 1 Fee Shifting Multiplier 1.5 D More Risk Averse","1.532E-05","1704","Truly Not Liable MutOptLiability5",0,0,0,,,,,,,,,,,,,,,,,,,,,,,,,,,,,,,,,,,,,,,,,,,,,,,
"FSA Costs Multiplier 1 Fee Shifting Multiplier 1.5 D More Risk Averse","1.532E-05","1704","Truly Not Liable MutOptLiability4",0.0007,0,0.000672607,0.415178,1,0,1,1,,,,,0,,,,,0,0,0,,10.85,9,1000.15,999.82,0.15,1,0,1,1,0,0,0,0,,0,0,0,0,0,4,1,0,0,1,0,0,0,0,0
"FSA Costs Multiplier 1 Fee Shifting Multiplier 1.5 D More Risk Averse","1.532E-05","1704","Truly Not Liable MutOptLiability3",0.0073,0,0.00732324,0.377468,1,0,1,1,,,,,0,,,,,0,0,0,,10.85,9,1000.15,999.82,0.15,1,0,1,1,0,0,0,0,,0,0,0,0,0,3,1,0,0,1,0,0,0,0,0
"FSA Costs Multiplier 1 Fee Shifting Multiplier 1.5 D More Risk Averse","1.532E-05","1704","Truly Not Liable MutOptLiability2",0.0388,0,0.0388155,0.327562,1,0,1,1,,,,,0,,,,,0,0,0,,10.85,9,1000.15,999.82,0.15,1,0,1,1,0,0,0,0,,0,0,0,0,0,2,1,0,0,1,0,0,0,0,0
"FSA Costs Multiplier 1 Fee Shifting Multiplier 1.5 D More Risk Averse","1.532E-05","1704","Truly Not Liable MutOptLiability1",0.113,0,0.113009,0.283152,1,0,1,1,,,,,0,,,,,0,0,0,,10.85,9,1000.15,999.82,0.15,1,0,1,1,0,0,0,0,,0,0,0,0,0,1,1,0,0,1,0,0,0,0,0
"FSA Costs Multiplier 1 Fee Shifting Multiplier 1.5 D More Risk Averse","1.532E-05","1704","Truly Not Liable MutOptLiability0",0.1804,0,0.180364,0.255732,1,0,1,1,,,,,0,,,,,0,0,0,,10.85,9,1000.15,999.82,0.15,1,0,1,1,0,0,0,0,,0,0,0,0,0,0,1,0,0,1,0,0,0,0,0
"FSA Costs Multiplier 1 Fee Shifting Multiplier 1.5 D More Risk Averse","1.532E-05","1704","Truly Not Liable MutOptLiability-1",0.113,0,0.113011,0.283149,1,0,1,1,,,,,0,,,,,0,0,0,,10.85,9,1000.15,999.82,0.15,1,0,1,1,0,0,0,0,,0,0,0,0,0,-1,1,0,0,1,0,0,0,0,0
"FSA Costs Multiplier 1 Fee Shifting Multiplier 1.5 D More Risk Averse","1.532E-05","1704","Truly Not Liable MutOptLiability-2",0.0388,0,0.0388147,0.327561,1,0,1,1,,,,,0,,,,,0,0,0,,10.85,9,1000.15,999.82,0.15,1,0,1,1,0,0,0,0,,0,0,0,0,0,-2,1,0,0,1,0,0,0,0,0
"FSA Costs Multiplier 1 Fee Shifting Multiplier 1.5 D More Risk Averse","1.532E-05","1704","Truly Not Liable MutOptLiability-3",0.0073,0,0.00732356,0.377464,1,0,1,1,,,,,0,,,,,0,0,0,,10.85,9,1000.15,999.82,0.15,1,0,1,1,0,0,0,0,,0,0,0,0,0,-3,1,0,0,1,0,0,0,0,0
"FSA Costs Multiplier 1 Fee Shifting Multiplier 1.5 D More Risk Averse","1.532E-05","1704","Truly Not Liable MutOptLiability-4",0.0007,0,0.000671713,0.415178,1,0,1,1,,,,,0,,,,,0,0,0,,10.85,9,1000.15,999.82,0.15,1,0,1,1,0,0,0,0,,0,0,0,0,0,-4,1,0,0,1,0,0,0,0,0
"FSA Costs Multiplier 1 Fee Shifting Multiplier 1.5 D More Risk Averse","1.532E-05","1704","Truly Not Liable MutOptLiability-5",0,0,0,,,,,,,,,,,,,,,,,,,,,,,,,,,,,,,,,,,,,,,,,,,,,,,
"FSA Costs Multiplier 1 Fee Shifting Multiplier 1.5 D More Risk Averse","1.532E-05","1704","High Quality",0,0,0,,,,,,,,,,,,,,,,,,,,,,,,,,,,,,,,,,,,,,,,,,,,,,,
"FSA Costs Multiplier 1 Fee Shifting Multiplier 1.5 D More Risk Averse","1.532E-05","1704","High Quality Liable MutOptLiability5",0,0,0,,,,,,,,,,,,,,,,,,,,,,,,,,,,,,,,,,,,,,,,,,,,,,,
"FSA Costs Multiplier 1 Fee Shifting Multiplier 1.5 D More Risk Averse","1.532E-05","1704","High Quality Liable MutOptLiability4",0,0,0,,,,,,,,,,,,,,,,,,,,,,,,,,,,,,,,,,,,,,,,,,,,,,,
"FSA Costs Multiplier 1 Fee Shifting Multiplier 1.5 D More Risk Averse","1.532E-05","1704","High Quality Liable MutOptLiability3",0,0,0,,,,,,,,,,,,,,,,,,,,,,,,,,,,,,,,,,,,,,,,,,,,,,,
"FSA Costs Multiplier 1 Fee Shifting Multiplier 1.5 D More Risk Averse","1.532E-05","1704","High Quality Liable MutOptLiability2",0,0,0,,,,,,,,,,,,,,,,,,,,,,,,,,,,,,,,,,,,,,,,,,,,,,,
"FSA Costs Multiplier 1 Fee Shifting Multiplier 1.5 D More Risk Averse","1.532E-05","1704","High Quality Liable MutOptLiability1",0,0,0,,,,,,,,,,,,,,,,,,,,,,,,,,,,,,,,,,,,,,,,,,,,,,,
"FSA Costs Multiplier 1 Fee Shifting Multiplier 1.5 D More Risk Averse","1.532E-05","1704","High Quality Liable MutOptLiability0",0,0,0,,,,,,,,,,,,,,,,,,,,,,,,,,,,,,,,,,,,,,,,,,,,,,,
"FSA Costs Multiplier 1 Fee Shifting Multiplier 1.5 D More Risk Averse","1.532E-05","1704","High Quality Liable MutOptLiability-1",0,0,0,,,,,,,,,,,,,,,,,,,,,,,,,,,,,,,,,,,,,,,,,,,,,,,
"FSA Costs Multiplier 1 Fee Shifting Multiplier 1.5 D More Risk Averse","1.532E-05","1704","High Quality Liable MutOptLiability-2",0,0,0,,,,,,,,,,,,,,,,,,,,,,,,,,,,,,,,,,,,,,,,,,,,,,,
"FSA Costs Multiplier 1 Fee Shifting Multiplier 1.5 D More Risk Averse","1.532E-05","1704","High Quality Liable MutOptLiability-3",0,0,0,,,,,,,,,,,,,,,,,,,,,,,,,,,,,,,,,,,,,,,,,,,,,,,
"FSA Costs Multiplier 1 Fee Shifting Multiplier 1.5 D More Risk Averse","1.532E-05","1704","High Quality Liable MutOptLiability-4",0,0,0,,,,,,,,,,,,,,,,,,,,,,,,,,,,,,,,,,,,,,,,,,,,,,,
"FSA Costs Multiplier 1 Fee Shifting Multiplier 1.5 D More Risk Averse","1.532E-05","1704","High Quality Liable MutOptLiability-5",0,0,0,,,,,,,,,,,,,,,,,,,,,,,,,,,,,,,,,,,,,,,,,,,,,,,
"FSA Costs Multiplier 1 Fee Shifting Multiplier 1.5 D More Risk Averse","1.532E-05","1704","PLiabilitySignal 1",0.1861,0,0.18607,0.179301,1,0,1,1,,,,,0,,,,,0,0,0,,10.85,9,1000.15,999.82,0.15,0.894793,0.0157811,0.910574,0.894793,0.00236717,0,0,0,,0,0,0,0.105207,0,-0.80637,1,0,0,1,0,0,0,0,0
"FSA Costs Multiplier 1 Fee Shifting Multiplier 1.5 D More Risk Averse","1.532E-05","1704","PLiabilitySignal 2",0.2124,0,0.21239,0.292925,1,0,1,1,,,,,0,,,,,0,0,0,,10.85,9,1000.15,999.82,0.15,0.769249,0.0346126,0.803862,0.769249,0.00519189,0,0,0,,0,0,0,0.230751,0,-0.21118,1,0,0,1,0,0,0,0,0
"FSA Costs Multiplier 1 Fee Shifting Multiplier 1.5 D More Risk Averse","1.532E-05","1704","PLiabilitySignal 3",0.2031,0,0.20309,0.499995,1,0,1,1,,,,,0,,,,,0,0,0,,10.85,9,1000.15,999.82,0.15,0.500007,0.074999,0.575006,0.500007,0.0112499,0,0,0,,0,0,0,0.499993,0,4E-05,1,0,0,1,0,0,0,0,0
"FSA Costs Multiplier 1 Fee Shifting Multiplier 1.5 D More Risk Averse","1.532E-05","1704","PLiabilitySignal 4",0.2124,0,0.21239,0.707075,1,0,1,1,,,,,0,,,,,0,0,0,,10.85,9,1000.15,999.82,0.15,0.230751,0.115387,0.346138,0.230751,0.0173081,0,0,0,,0,0,0,0.769249,0,0.21118,1,0,0,1,0,0,0,0,0
"FSA Costs Multiplier 1 Fee Shifting Multiplier 1.5 D More Risk Averse","1.532E-05","1704","PLiabilitySignal 5",0.1861,0,0.18606,0.820695,1,0,1,1,,,,,0,,,,,0,0,0,,10.85,9,1000.15,999.82,0.15,0.105212,0.134218,0.23943,0.105212,0.0201327,0,0,0,,0,0,0,0.894788,0,0.80641,1,0,0,1,0,0,0,0,0
"FSA Costs Multiplier 1 Fee Shifting Multiplier 1.5 D More Risk Averse","1.532E-05","1704","DLiabilitySignal 1",0.1861,0,0.186069,0.179304,1,0,1,1,,,,,0,,,,,0,0,0,,10.85,9,1000.15,999.82,0.15,0.894789,0.0157816,0.910571,0.894789,0.00236725,0,0,0,,0,0,0,0.105211,0,0.806395,1,0,0,1,0,0,0,0,0
"FSA Costs Multiplier 1 Fee Shifting Multiplier 1.5 D More Risk Averse","1.532E-05","1704","DLiabilitySignal 2",0.2124,0,0.212394,0.292924,1,0,1,1,,,,,0,,,,,0,0,0,,10.85,9,1000.15,999.82,0.15,0.769251,0.0346124,0.803863,0.769251,0.00519186,0,0,0,,0,0,0,0.230749,0,0.211167,1,0,0,1,0,0,0,0,0
"FSA Costs Multiplier 1 Fee Shifting Multiplier 1.5 D More Risk Averse","1.532E-05","1704","DLiabilitySignal 3",0.2031,0,0.20309,0.499998,1,0,1,1,,,,,0,,,,,0,0,0,,10.85,9,1000.15,999.82,0.15,0.500002,0.0749996,0.575002,0.500002,0.0112499,0,0,0,,0,0,0,0.499998,0,-1.48446E-05,1,0,0,1,0,0,0,0,0
"FSA Costs Multiplier 1 Fee Shifting Multiplier 1.5 D More Risk Averse","1.532E-05","1704","DLiabilitySignal 4",0.2124,0,0.212391,0.707073,1,0,1,1,,,,,0,,,,,0,0,0,,10.85,9,1000.15,999.82,0.15,0.230752,0.115387,0.34614,0.230752,0.0173081,0,0,0,,0,0,0,0.769248,0,-0.211192,1,0,0,1,0,0,0,0,0
"FSA Costs Multiplier 1 Fee Shifting Multiplier 1.5 D More Risk Averse","1.532E-05","1704","DLiabilitySignal 5",0.1861,0,0.186057,0.820699,1,0,1,1,,,,,0,,,,,0,0,0,,10.85,9,1000.15,999.82,0.15,0.105207,0.134219,0.239426,0.105207,0.0201328,0,0,0,,0,0,0,0.894793,0,-0.806366,1,0,0,1,0,0,0,0,0
"FSA Costs Multiplier 1 Fee Shifting Multiplier 1.5 D More Risk Averse","1.532E-05","1704","PDoesntFile",0,0,0,,,,,,,,,,,,,,,,,,,,,,,,,,,,,,,,,,,,,,,,,,,,,,,
"FSA Costs Multiplier 1 Fee Shifting Multiplier 1.5 D More Risk Averse","1.532E-05","1704","P Files",1,0,1,0.499995,1,0,1,1,,,,,0,,,,,0,0,0,,10.85,9,1000.15,999.82,0.15,0.500006,0.0749991,0.575005,0.500006,0.0112499,0,0,0,,0,0,0,0.499994,0,7.5023E-06,1,0,0,1,0,0,0,0,0
"FSA Costs Multiplier 1 Fee Shifting Multiplier 1.5 D More Risk Averse","1.532E-05","1704","DDoesntAnswer",1,0,1,0.499995,1,0,1,1,,,,,0,,,,,0,0,0,,10.85,9,1000.15,999.82,0.15,0.500006,0.0749991,0.575005,0.500006,0.0112499,0,0,0,,0,0,0,0.499994,0,7.5023E-06,1,0,0,1,0,0,0,0,0
"FSA Costs Multiplier 1 Fee Shifting Multiplier 1.5 D More Risk Averse","1.532E-05","1704","D Answers",0,0,0,,,,,,,,,,,,,,,,,,,,,,,,,,,,,,,,,,,,,,,,,,,,,,,
"FSA Costs Multiplier 1 Fee Shifting Multiplier 1.5 D More Risk Averse","1.532E-05","1704","Settles1",0,0,0,,,,,,,,,,,,,,,,,,,,,,,,,,,,,,,,,,,,,,,,,,,,,,,
"FSA Costs Multiplier 1 Fee Shifting Multiplier 1.5 D More Risk Averse","1.532E-05","1704","DoesntSettle1",0,0,0,,,,,,,,,,,,,,,,,,,,,,,,,,,,,,,,,,,,,,,,,,,,,,,
"FSA Costs Multiplier 1 Fee Shifting Multiplier 1.5 D More Risk Averse","1.532E-05","1704","PAbandons1",0,0,0,,,,,,,,,,,,,,,,,,,,,,,,,,,,,,,,,,,,,,,,,,,,,,,
"FSA Costs Multiplier 1 Fee Shifting Multiplier 1.5 D More Risk Averse","1.532E-05","1704","PDoesntAbandon1",0,0,0,,,,,,,,,,,,,,,,,,,,,,,,,,,,,,,,,,,,,,,,,,,,,,,
"FSA Costs Multiplier 1 Fee Shifting Multiplier 1.5 D More Risk Averse","1.532E-05","1704","DDefaults1",0,0,0,,,,,,,,,,,,,,,,,,,,,,,,,,,,,,,,,,,,,,,,,,,,,,,
"FSA Costs Multiplier 1 Fee Shifting Multiplier 1.5 D More Risk Averse","1.532E-05","1704","DDoesntDefault1",0,0,0,,,,,,,,,,,,,,,,,,,,,,,,,,,,,,,,,,,,,,,,,,,,,,,
"FSA Costs Multiplier 1 Fee Shifting Multiplier 1.5 D More Risk Averse","1.532E-05","1704","POrDQuits1",0,0,0,,,,,,,,,,,,,,,,,,,,,,,,,,,,,,,,,,,,,,,,,,,,,,,
"FSA Costs Multiplier 1 Fee Shifting Multiplier 1.5 D More Risk Averse","1.532E-05","1704","P Loses",0,0,0,,,,,,,,,,,,,,,,,,,,,,,,,,,,,,,,,,,,,,,,,,,,,,,
"FSA Costs Multiplier 1 Fee Shifting Multiplier 1.5 D More Risk Averse","1.532E-05","1704","P Wins",0,0,0,,,,,,,,,,,,,,,,,,,,,,,,,,,,,,,,,,,,,,,,,,,,,,,
