"OptionSet","Exploit","Refine","Seconds","Filter","All","NoDispute","DisputeArises","LitigQuality","PFiles","DAnswers","PBargains1","DBargains1","POffer1","DOffer1","POfferMixedness1","DOfferMixedness1","Settles1","PBet1","DBet1","PBetMixedness1","DBetMixedness1","PAbandons1","DDefaults1","Trial","PWinPct","PWealth","DWealth","TotWealth","WealthLoss","PWelfare","DWelfare","TotExpense","False+","False-","False+-","False+^2","False-^2","PDSWelfareLoss","SWelfareLoss","Chips","Settles","ValIfSettled","PAbandons","DDefaults","BothReadyToGiveUp","TrulyLiable","PrimaryAction","MutualOptimism","P Files","D Answers","PDoesntFile","DDoesntAnswer","SettlesBR1","PAbandonsBR1","DDefaultsBR1","P Loses","P Wins"
"FSA Costs Multiplier 1 Fee Shifting Multiplier 0.5 Moderately Risk Averse Noise 2,2","0","NaN","0","All",1,0,1,0.5,1,1,1,1,0.5,0.5,,,1,,,,,0,0,0,,10.35,9.35,19.7,0.3,1000.09,999.502,0.3,0.325,0.325,0.65,0.21125,0.21125,0,0.3,0,1,0.5,0,0,0,0.5,0,-3.9756E-06,1,1,0,0,1,0,0,0,0
"FSA Costs Multiplier 1 Fee Shifting Multiplier 0.5 Moderately Risk Averse Noise 2,2","0","NaN","0","NoDispute",0,0,0,,,,,,,,,,,,,,,,,,,,,,,,,,,,,,,,,,,,,,,,,,,,,,,,,,
"FSA Costs Multiplier 1 Fee Shifting Multiplier 0.5 Moderately Risk Averse Noise 2,2","0","NaN","0","DisputeArises",1,0,1,0.5,1,1,1,1,0.5,0.5,,,1,,,,,0,0,0,,10.35,9.35,19.7,0.3,1000.09,999.502,0.3,0.325,0.325,0.65,0.21125,0.21125,0,0.3,0,1,0.5,0,0,0,0.5,0,-3.9756E-06,1,1,0,0,1,0,0,0,0
"FSA Costs Multiplier 1 Fee Shifting Multiplier 0.5 Moderately Risk Averse Noise 2,2","0","NaN","0","PFiles",1,0,1,0.5,1,1,1,1,0.5,0.5,,,1,,,,,0,0,0,,10.35,9.35,19.7,0.3,1000.09,999.502,0.3,0.325,0.325,0.65,0.21125,0.21125,0,0.3,0,1,0.5,0,0,0,0.5,0,-3.9756E-06,1,1,0,0,1,0,0,0,0
"FSA Costs Multiplier 1 Fee Shifting Multiplier 0.5 Moderately Risk Averse Noise 2,2","0","NaN","0","DAnswers",1,0,1,0.5,1,1,1,1,0.5,0.5,,,1,,,,,0,0,0,,10.35,9.35,19.7,0.3,1000.09,999.502,0.3,0.325,0.325,0.65,0.21125,0.21125,0,0.3,0,1,0.5,0,0,0,0.5,0,-3.9756E-06,1,1,0,0,1,0,0,0,0
"FSA Costs Multiplier 1 Fee Shifting Multiplier 0.5 Moderately Risk Averse Noise 2,2","0","NaN","0","Litigated",1,0,1,0.5,1,1,1,1,0.5,0.5,,,1,,,,,0,0,0,,10.35,9.35,19.7,0.3,1000.09,999.502,0.3,0.325,0.325,0.65,0.21125,0.21125,0,0.3,0,1,0.5,0,0,0,0.5,0,-3.9756E-06,1,1,0,0,1,0,0,0,0
"FSA Costs Multiplier 1 Fee Shifting Multiplier 0.5 Moderately Risk Averse Noise 2,2","0","NaN","0","Not Litigated",0,0,0,,,,,,,,,,,,,,,,,,,,,,,,,,,,,,,,,,,,,,,,,,,,,,,,,,
"FSA Costs Multiplier 1 Fee Shifting Multiplier 0.5 Moderately Risk Averse Noise 2,2","0","NaN","0","Settles",1,0,1,0.5,1,1,1,1,0.5,0.5,,,1,,,,,0,0,0,,10.35,9.35,19.7,0.3,1000.09,999.502,0.3,0.325,0.325,0.65,0.21125,0.21125,0,0.3,0,1,0.5,0,0,0,0.5,0,-3.9756E-06,1,1,0,0,1,0,0,0,0
"FSA Costs Multiplier 1 Fee Shifting Multiplier 0.5 Moderately Risk Averse Noise 2,2","0","NaN","0","Tried",0,0,0,,,,,,,,,,,,,,,,,,,,,,,,,,,,,,,,,,,,,,,,,,,,,,,,,,
"FSA Costs Multiplier 1 Fee Shifting Multiplier 0.5 Moderately Risk Averse Noise 2,2","0","NaN","0","PWins",0,0,0,,,,,,,,,,,,,,,,,,,,,,,,,,,,,,,,,,,,,,,,,,,,,,,,,,
"FSA Costs Multiplier 1 Fee Shifting Multiplier 0.5 Moderately Risk Averse Noise 2,2","0","NaN","0","DWins",0,0,0,,,,,,,,,,,,,,,,,,,,,,,,,,,,,,,,,,,,,,,,,,,,,,,,,,
"FSA Costs Multiplier 1 Fee Shifting Multiplier 0.5 Moderately Risk Averse Noise 2,2","0","NaN","0","Abandoned",0,0,0,,,,,,,,,,,,,,,,,,,,,,,,,,,,,,,,,,,,,,,,,,,,,,,,,,
"FSA Costs Multiplier 1 Fee Shifting Multiplier 0.5 Moderately Risk Averse Noise 2,2","0","NaN","0","Rounds1",1,0,1,0.5,1,1,1,1,0.5,0.5,,,1,,,,,0,0,0,,10.35,9.35,19.7,0.3,1000.09,999.502,0.3,0.325,0.325,0.65,0.21125,0.21125,0,0.3,0,1,0.5,0,0,0,0.5,0,-3.9756E-06,1,1,0,0,1,0,0,0,0
"FSA Costs Multiplier 1 Fee Shifting Multiplier 0.5 Moderately Risk Averse Noise 2,2","0","NaN","0","PrePrimary1",0,0,0,,,,,,,,,,,,,,,,,,,,,,,,,,,,,,,,,,,,,,,,,,,,,,,,,,
"FSA Costs Multiplier 1 Fee Shifting Multiplier 0.5 Moderately Risk Averse Noise 2,2","0","NaN","0","PrePrimary2",0,0,0,,,,,,,,,,,,,,,,,,,,,,,,,,,,,,,,,,,,,,,,,,,,,,,,,,
"FSA Costs Multiplier 1 Fee Shifting Multiplier 0.5 Moderately Risk Averse Noise 2,2","0","NaN","0","PrePrimary3",0,0,0,,,,,,,,,,,,,,,,,,,,,,,,,,,,,,,,,,,,,,,,,,,,,,,,,,
"FSA Costs Multiplier 1 Fee Shifting Multiplier 0.5 Moderately Risk Averse Noise 2,2","0","NaN","0","PrePrimary4",0,0,0,,,,,,,,,,,,,,,,,,,,,,,,,,,,,,,,,,,,,,,,,,,,,,,,,,
"FSA Costs Multiplier 1 Fee Shifting Multiplier 0.5 Moderately Risk Averse Noise 2,2","0","NaN","0","PrePrimary5",0,0,0,,,,,,,,,,,,,,,,,,,,,,,,,,,,,,,,,,,,,,,,,,,,,,,,,,
"FSA Costs Multiplier 1 Fee Shifting Multiplier 0.5 Moderately Risk Averse Noise 2,2","0","NaN","0","PrePrimary6",0,0,0,,,,,,,,,,,,,,,,,,,,,,,,,,,,,,,,,,,,,,,,,,,,,,,,,,
"FSA Costs Multiplier 1 Fee Shifting Multiplier 0.5 Moderately Risk Averse Noise 2,2","0","NaN","0","PrePrimary7",0,0,0,,,,,,,,,,,,,,,,,,,,,,,,,,,,,,,,,,,,,,,,,,,,,,,,,,
"FSA Costs Multiplier 1 Fee Shifting Multiplier 0.5 Moderately Risk Averse Noise 2,2","0","NaN","0","PrePrimary8",0,0,0,,,,,,,,,,,,,,,,,,,,,,,,,,,,,,,,,,,,,,,,,,,,,,,,,,
"FSA Costs Multiplier 1 Fee Shifting Multiplier 0.5 Moderately Risk Averse Noise 2,2","0","NaN","0","PrePrimary9",0,0,0,,,,,,,,,,,,,,,,,,,,,,,,,,,,,,,,,,,,,,,,,,,,,,,,,,
"FSA Costs Multiplier 1 Fee Shifting Multiplier 0.5 Moderately Risk Averse Noise 2,2","0","NaN","0","PrePrimary10",0,0,0,,,,,,,,,,,,,,,,,,,,,,,,,,,,,,,,,,,,,,,,,,,,,,,,,,
"FSA Costs Multiplier 1 Fee Shifting Multiplier 0.5 Moderately Risk Averse Noise 2,2","0","NaN","0","Truly Liable",0.5,0,0.5,0.716726,1,1,1,1,0.5,0.5,,,1,,,,,0,0,0,,10.35,9.35,19.7,0.3,1000.09,999.502,0.3,0,0.65,0.65,0,0.4225,0,0.3,0,1,0.5,0,0,0,1,0,-3.74903E-06,1,1,0,0,1,0,0,0,0
"FSA Costs Multiplier 1 Fee Shifting Multiplier 0.5 Moderately Risk Averse Noise 2,2","0","NaN","0","Truly Not Liable",0.5,0,0.5,0.283275,1,1,1,1,0.5,0.5,,,1,,,,,0,0,0,,10.35,9.35,19.7,0.3,1000.09,999.502,0.3,0.65,0,0.65,0.4225,0,0,0.3,0,1,0.5,0,0,0,0,0,-4.20217E-06,1,1,0,0,1,0,0,0,0
"FSA Costs Multiplier 1 Fee Shifting Multiplier 0.5 Moderately Risk Averse Noise 2,2","0","NaN","0","AllCount",250,0,250,0.5,250,250,250,250,0.5,0.5,,,250,,,,,0,0,0,,10.35,9.35,19.7,0.3,1000.09,999.502,0.3,0.325,0.325,0.65,0.21125,0.21125,0,0.3,0,250,0.5,0,0,0,125,0,-3.9756E-06,250,250,0,0,250,0,0,0,0
"FSA Costs Multiplier 1 Fee Shifting Multiplier 0.5 Moderately Risk Averse Noise 2,2","0","NaN","0","Liability Strength1",0.2261,0,0.22611,0.1,1,1,1,1,0.5,0.5,,,1,,,,,0,0,0,,10.35,9.35,19.7,0.3,1000.09,999.502,0.3,0.624022,0.0259777,0.65,0.405614,0.0168855,0,0.3,0,1,0.5,0,0,0,0.0399657,0,-3.9646E-06,1,1,0,0,1,0,0,0,0
"FSA Costs Multiplier 1 Fee Shifting Multiplier 0.5 Moderately Risk Averse Noise 2,2","0","NaN","0","Liability Strength2",0.1902,0,0.190221,0.3,1,1,1,1,0.5,0.5,,,1,,,,,0,0,0,,10.35,9.35,19.7,0.3,1000.09,999.502,0.3,0.539832,0.110168,0.65,0.350891,0.0716092,0,0.3,0,1,0.5,0,0,0,0.169489,0,-4.44747E-06,1,1,0,0,1,0,0,0,0
"FSA Costs Multiplier 1 Fee Shifting Multiplier 0.5 Moderately Risk Averse Noise 2,2","0","NaN","0","Liability Strength3",0.1673,0,0.167337,0.5,1,1,1,1,0.5,0.5,,,1,,,,,0,0,0,,10.35,9.35,19.7,0.3,1000.09,999.502,0.3,0.325,0.325,0.65,0.21125,0.21125,0,0.3,0,1,0.5,0,0,0,0.5,0,-4.54017E-06,1,1,0,0,1,0,0,0,0
"FSA Costs Multiplier 1 Fee Shifting Multiplier 0.5 Moderately Risk Averse Noise 2,2","0","NaN","0","Liability Strength4",0.1902,0,0.190222,0.7,1,1,1,1,0.5,0.5,,,1,,,,,0,0,0,,10.35,9.35,19.7,0.3,1000.09,999.502,0.3,0.110168,0.539832,0.65,0.0716092,0.350891,0,0.3,0,1,0.5,0,0,0,0.830511,0,-4.02245E-06,1,1,0,0,1,0,0,0,0
"FSA Costs Multiplier 1 Fee Shifting Multiplier 0.5 Moderately Risk Averse Noise 2,2","0","NaN","0","Liability Strength5",0.2261,0,0.22611,0.9,1,1,1,1,0.5,0.5,,,1,,,,,0,0,0,,10.35,9.35,19.7,0.3,1000.09,999.502,0.3,0.0259777,0.624022,0.65,0.0168855,0.405614,0,0.3,0,1,0.5,0,0,0,0.960034,0,-3.13238E-06,1,1,0,0,1,0,0,0,0
"FSA Costs Multiplier 1 Fee Shifting Multiplier 0.5 Moderately Risk Averse Noise 2,2","0","NaN","0","PLiabilitySignal1",0.1748,0,0.17483,0.318051,1,1,1,1,0.5,0.5,,,1,,,,,0,0,0,,10.35,9.35,19.7,0.3,1000.09,999.502,0.3,0.471588,0.178412,0.65,0.306532,0.115968,0,0.3,0,1,0.5,0,0,0,0.27448,0,-1.64918,1,1,0,0,1,0,0,0,0
"FSA Costs Multiplier 1 Fee Shifting Multiplier 0.5 Moderately Risk Averse Noise 2,2","0","NaN","0","PLiabilitySignal2",0.2123,0,0.21228,0.40208,1,1,1,1,0.5,0.5,,,1,,,,,0,0,0,,10.35,9.35,19.7,0.3,1000.09,999.502,0.3,0.404301,0.245699,0.65,0.262796,0.159704,0,0.3,0,1,0.5,0,0,0,0.377998,0,-0.8111,1,1,0,0,1,0,0,0,0
"FSA Costs Multiplier 1 Fee Shifting Multiplier 0.5 Moderately Risk Averse Noise 2,2","0","NaN","0","PLiabilitySignal3",0.2258,0,0.22578,0.499998,1,1,1,1,0.5,0.5,,,1,,,,,0,0,0,,10.35,9.35,19.7,0.3,1000.09,999.502,0.3,0.325001,0.324999,0.65,0.211251,0.211249,0,0.3,0,1,0.5,0,0,0,0.499998,0,2E-05,1,1,0,0,1,0,0,0,0
"FSA Costs Multiplier 1 Fee Shifting Multiplier 0.5 Moderately Risk Averse Noise 2,2","0","NaN","0","PLiabilitySignal4",0.2123,0,0.21228,0.597923,1,1,1,1,0.5,0.5,,,1,,,,,0,0,0,,10.35,9.35,19.7,0.3,1000.09,999.502,0.3,0.245696,0.404304,0.65,0.159702,0.262798,0,0.3,0,1,0.5,0,0,0,0.622006,0,0.81106,1,1,0,0,1,0,0,0,0
"FSA Costs Multiplier 1 Fee Shifting Multiplier 0.5 Moderately Risk Averse Noise 2,2","0","NaN","0","PLiabilitySignal5",0.1748,0,0.17483,0.681949,1,1,1,1,0.5,0.5,,,1,,,,,0,0,0,,10.35,9.35,19.7,0.3,1000.09,999.502,0.3,0.178412,0.471588,0.65,0.115968,0.306532,0,0.3,0,1,0.5,0,0,0,0.72552,0,1.64918,1,1,0,0,1,0,0,0,0
"FSA Costs Multiplier 1 Fee Shifting Multiplier 0.5 Moderately Risk Averse Noise 2,2","0","NaN","0","DLiabilitySignal1",0.1748,0,0.17483,0.318052,1,1,1,1,0.5,0.5,,,1,,,,,0,0,0,,10.35,9.35,19.7,0.3,1000.09,999.502,0.3,0.471588,0.178412,0.65,0.306532,0.115968,0,0.3,0,1,0.5,0,0,0,0.27448,0,1.64918,1,1,0,0,1,0,0,0,0
"FSA Costs Multiplier 1 Fee Shifting Multiplier 0.5 Moderately Risk Averse Noise 2,2","0","NaN","0","DLiabilitySignal2",0.2123,0,0.212276,0.402078,1,1,1,1,0.5,0.5,,,1,,,,,0,0,0,,10.35,9.35,19.7,0.3,1000.09,999.502,0.3,0.404303,0.245697,0.65,0.262797,0.159703,0,0.3,0,1,0.5,0,0,0,0.377995,0,0.811069,1,1,0,0,1,0,0,0,0
"FSA Costs Multiplier 1 Fee Shifting Multiplier 0.5 Moderately Risk Averse Noise 2,2","0","NaN","0","DLiabilitySignal3",0.2258,0,0.225786,0.5,1,1,1,1,0.5,0.5,,,1,,,,,0,0,0,,10.35,9.35,19.7,0.3,1000.09,999.502,0.3,0.325,0.325,0.65,0.21125,0.21125,0,0.3,0,1,0.5,0,0,0,0.5,0,-3.05311E-16,1,1,0,0,1,0,0,0,0
"FSA Costs Multiplier 1 Fee Shifting Multiplier 0.5 Moderately Risk Averse Noise 2,2","0","NaN","0","DLiabilitySignal4",0.2123,0,0.212276,0.597922,1,1,1,1,0.5,0.5,,,1,,,,,0,0,0,,10.35,9.35,19.7,0.3,1000.09,999.502,0.3,0.245697,0.404303,0.65,0.159703,0.262797,0,0.3,0,1,0.5,0,0,0,0.622005,0,-0.811069,1,1,0,0,1,0,0,0,0
"FSA Costs Multiplier 1 Fee Shifting Multiplier 0.5 Moderately Risk Averse Noise 2,2","0","NaN","0","DLiabilitySignal5",0.1748,0,0.174832,0.681948,1,1,1,1,0.5,0.5,,,1,,,,,0,0,0,,10.35,9.35,19.7,0.3,1000.09,999.502,0.3,0.178412,0.471588,0.65,0.115968,0.306532,0,0.3,0,1,0.5,0,0,0,0.725519,0,-1.64919,1,1,0,0,1,0,0,0,0
"FSA Costs Multiplier 1 Fee Shifting Multiplier 0.5 Moderately Risk Averse Noise 2,2","0","NaN","0","MutOptLiability5",0,0,0,,,,,,,,,,,,,,,,,,,,,,,,,,,,,,,,,,,,,,,,,,,,,,,,,,
"FSA Costs Multiplier 1 Fee Shifting Multiplier 0.5 Moderately Risk Averse Noise 2,2","0","NaN","0","MutOptLiability4",0.0193,0,0.0192663,0.5,1,1,1,1,0.5,0.5,,,1,,,,,0,0,0,,10.35,9.35,19.7,0.3,1000.09,999.502,0.3,0.325,0.325,0.65,0.21125,0.21125,0,0.3,0,1,0.5,0,0,0,0.5,0,4,1,1,0,0,1,0,0,0,0
"FSA Costs Multiplier 1 Fee Shifting Multiplier 0.5 Moderately Risk Averse Noise 2,2","0","NaN","0","MutOptLiability3",0.0589,0,0.0588941,0.499999,1,1,1,1,0.5,0.5,,,1,,,,,0,0,0,,10.35,9.35,19.7,0.3,1000.09,999.502,0.3,0.325001,0.324999,0.65,0.211251,0.211249,0,0.3,0,1,0.5,0,0,0,0.499998,0,3,1,1,0,0,1,0,0,0,0
"FSA Costs Multiplier 1 Fee Shifting Multiplier 0.5 Moderately Risk Averse Noise 2,2","0","NaN","0","MutOptLiability2",0.1185,0,0.11853,0.500002,1,1,1,1,0.5,0.5,,,1,,,,,0,0,0,,10.35,9.35,19.7,0.3,1000.09,999.502,0.3,0.324999,0.325001,0.65,0.211249,0.211251,0,0.3,0,1,0.5,0,0,0,0.500002,0,2,1,1,0,0,1,0,0,0,0
"FSA Costs Multiplier 1 Fee Shifting Multiplier 0.5 Moderately Risk Averse Noise 2,2","0","NaN","0","MutOptLiability1",0.1852,0,0.185222,0.5,1,1,1,1,0.5,0.5,,,1,,,,,0,0,0,,10.35,9.35,19.7,0.3,1000.09,999.502,0.3,0.325,0.325,0.65,0.21125,0.21125,0,0.3,0,1,0.5,0,0,0,0.500001,0,1,1,1,0,0,1,0,0,0,0
"FSA Costs Multiplier 1 Fee Shifting Multiplier 0.5 Moderately Risk Averse Noise 2,2","0","NaN","0","MutOptLiability0",0.2362,0,0.236173,0.5,1,1,1,1,0.5,0.5,,,1,,,,,0,0,0,,10.35,9.35,19.7,0.3,1000.09,999.502,0.3,0.325,0.325,0.65,0.21125,0.21125,0,0.3,0,1,0.5,0,0,0,0.5,0,0,1,1,0,0,1,0,0,0,0
"FSA Costs Multiplier 1 Fee Shifting Multiplier 0.5 Moderately Risk Averse Noise 2,2","0","NaN","0","MutOptLiability-1",0.1852,0,0.185224,0.500002,1,1,1,1,0.5,0.5,,,1,,,,,0,0,0,,10.35,9.35,19.7,0.3,1000.09,999.502,0.3,0.324998,0.325002,0.65,0.211249,0.211251,0,0.3,0,1,0.5,0,0,0,0.500003,0,-1,1,1,0,0,1,0,0,0,0
"FSA Costs Multiplier 1 Fee Shifting Multiplier 0.5 Moderately Risk Averse Noise 2,2","0","NaN","0","MutOptLiability-2",0.1185,0,0.118528,0.499995,1,1,1,1,0.5,0.5,,,1,,,,,0,0,0,,10.35,9.35,19.7,0.3,1000.09,999.502,0.3,0.325004,0.324996,0.65,0.211253,0.211247,0,0.3,0,1,0.5,0,0,0,0.499994,0,-2,1,1,0,0,1,0,0,0,0
"FSA Costs Multiplier 1 Fee Shifting Multiplier 0.5 Moderately Risk Averse Noise 2,2","0","NaN","0","MutOptLiability-3",0.0589,0,0.0588962,0.500005,1,1,1,1,0.5,0.5,,,1,,,,,0,0,0,,10.35,9.35,19.7,0.3,1000.09,999.502,0.3,0.324996,0.325004,0.65,0.211248,0.211252,0,0.3,0,1,0.5,0,0,0,0.500006,0,-3,1,1,0,0,1,0,0,0,0
"FSA Costs Multiplier 1 Fee Shifting Multiplier 0.5 Moderately Risk Averse Noise 2,2","0","NaN","0","MutOptLiability-4",0.0193,0,0.0192663,0.5,1,1,1,1,0.5,0.5,,,1,,,,,0,0,0,,10.35,9.35,19.7,0.3,1000.09,999.502,0.3,0.325,0.325,0.65,0.21125,0.21125,0,0.3,0,1,0.5,0,0,0,0.5,0,-4,1,1,0,0,1,0,0,0,0
"FSA Costs Multiplier 1 Fee Shifting Multiplier 0.5 Moderately Risk Averse Noise 2,2","0","NaN","0","MutOptLiability-5",0,0,0,,,,,,,,,,,,,,,,,,,,,,,,,,,,,,,,,,,,,,,,,,,,,,,,,,
"FSA Costs Multiplier 1 Fee Shifting Multiplier 0.5 Moderately Risk Averse Noise 2,2","0","NaN","0","Truly Liable MutOptLiability5",0,0,0,,,,,,,,,,,,,,,,,,,,,,,,,,,,,,,,,,,,,,,,,,,,,,,,,,
"FSA Costs Multiplier 1 Fee Shifting Multiplier 0.5 Moderately Risk Averse Noise 2,2","0","NaN","0","Truly Liable MutOptLiability4",0.0096,0,0.00963313,0.693615,1,1,1,1,0.5,0.5,,,1,,,,,0,0,0,,10.35,9.35,19.7,0.3,1000.09,999.502,0.3,0,0.65,0.65,0,0.4225,0,0.3,0,1,0.5,0,0,0,1,0,4,1,1,0,0,1,0,0,0,0
"FSA Costs Multiplier 1 Fee Shifting Multiplier 0.5 Moderately Risk Averse Noise 2,2","0","NaN","0","Truly Liable MutOptLiability3",0.0294,0,0.0294469,0.700444,1,1,1,1,0.5,0.5,,,1,,,,,0,0,0,,10.35,9.35,19.7,0.3,1000.09,999.502,0.3,0,0.65,0.65,0,0.4225,0,0.3,0,1,0.5,0,0,0,1,0,3,1,1,0,0,1,0,0,0,0
"FSA Costs Multiplier 1 Fee Shifting Multiplier 0.5 Moderately Risk Averse Noise 2,2","0","NaN","0","Truly Liable MutOptLiability2",0.0593,0,0.0592654,0.709966,1,1,1,1,0.5,0.5,,,1,,,,,0,0,0,,10.35,9.35,19.7,0.3,1000.09,999.502,0.3,0,0.65,0.65,0,0.4225,0,0.3,0,1,0.5,0,0,0,1,0,2,1,1,0,0,1,0,0,0,0
"FSA Costs Multiplier 1 Fee Shifting Multiplier 0.5 Moderately Risk Averse Noise 2,2","0","NaN","0","Truly Liable MutOptLiability1",0.0926,0,0.092611,0.720277,1,1,1,1,0.5,0.5,,,1,,,,,0,0,0,,10.35,9.35,19.7,0.3,1000.09,999.502,0.3,0,0.65,0.65,0,0.4225,0,0.3,0,1,0.5,0,0,0,1,0,1,1,1,0,0,1,0,0,0,0
"FSA Costs Multiplier 1 Fee Shifting Multiplier 0.5 Moderately Risk Averse Noise 2,2","0","NaN","0","Truly Liable MutOptLiability0",0.1181,0,0.118087,0.729831,1,1,1,1,0.5,0.5,,,1,,,,,0,0,0,,10.35,9.35,19.7,0.3,1000.09,999.502,0.3,0,0.65,0.65,0,0.4225,0,0.3,0,1,0.5,0,0,0,1,0,0,1,1,0,0,1,0,0,0,0
"FSA Costs Multiplier 1 Fee Shifting Multiplier 0.5 Moderately Risk Averse Noise 2,2","0","NaN","0","Truly Liable MutOptLiability-1",0.0926,0,0.0926125,0.720278,1,1,1,1,0.5,0.5,,,1,,,,,0,0,0,,10.35,9.35,19.7,0.3,1000.09,999.502,0.3,0,0.65,0.65,0,0.4225,0,0.3,0,1,0.5,0,0,0,1,0,-1,1,1,0,0,1,0,0,0,0
"FSA Costs Multiplier 1 Fee Shifting Multiplier 0.5 Moderately Risk Averse Noise 2,2","0","NaN","0","Truly Liable MutOptLiability-2",0.0593,0,0.0592633,0.709963,1,1,1,1,0.5,0.5,,,1,,,,,0,0,0,,10.35,9.35,19.7,0.3,1000.09,999.502,0.3,0,0.65,0.65,0,0.4225,0,0.3,0,1,0.5,0,0,0,1,0,-2,1,1,0,0,1,0,0,0,0
"FSA Costs Multiplier 1 Fee Shifting Multiplier 0.5 Moderately Risk Averse Noise 2,2","0","NaN","0","Truly Liable MutOptLiability-3",0.0294,0,0.0294485,0.700447,1,1,1,1,0.5,0.5,,,1,,,,,0,0,0,,10.35,9.35,19.7,0.3,1000.09,999.502,0.3,0,0.65,0.65,0,0.4225,0,0.3,0,1,0.5,0,0,0,1,0,-3,1,1,0,0,1,0,0,0,0
"FSA Costs Multiplier 1 Fee Shifting Multiplier 0.5 Moderately Risk Averse Noise 2,2","0","NaN","0","Truly Liable MutOptLiability-4",0.0096,0,0.00963313,0.693615,1,1,1,1,0.5,0.5,,,1,,,,,0,0,0,,10.35,9.35,19.7,0.3,1000.09,999.502,0.3,0,0.65,0.65,0,0.4225,0,0.3,0,1,0.5,0,0,0,1,0,-4,1,1,0,0,1,0,0,0,0
"FSA Costs Multiplier 1 Fee Shifting Multiplier 0.5 Moderately Risk Averse Noise 2,2","0","NaN","0","Truly Liable MutOptLiability-5",0,0,0,,,,,,,,,,,,,,,,,,,,,,,,,,,,,,,,,,,,,,,,,,,,,,,,,,
"FSA Costs Multiplier 1 Fee Shifting Multiplier 0.5 Moderately Risk Averse Noise 2,2","0","NaN","0","Truly Not Liable MutOptLiability5",0,0,0,,,,,,,,,,,,,,,,,,,,,,,,,,,,,,,,,,,,,,,,,,,,,,,,,,
"FSA Costs Multiplier 1 Fee Shifting Multiplier 0.5 Moderately Risk Averse Noise 2,2","0","NaN","0","Truly Not Liable MutOptLiability4",0.0096,0,0.00963313,0.306385,1,1,1,1,0.5,0.5,,,1,,,,,0,0,0,,10.35,9.35,19.7,0.3,1000.09,999.502,0.3,0.65,0,0.65,0.4225,0,0,0.3,0,1,0.5,0,0,0,0,0,4,1,1,0,0,1,0,0,0,0
"FSA Costs Multiplier 1 Fee Shifting Multiplier 0.5 Moderately Risk Averse Noise 2,2","0","NaN","0","Truly Not Liable MutOptLiability3",0.0294,0,0.0294471,0.299554,1,1,1,1,0.5,0.5,,,1,,,,,0,0,0,,10.35,9.35,19.7,0.3,1000.09,999.502,0.3,0.65,0,0.65,0.4225,0,0,0.3,0,1,0.5,0,0,0,0,0,3,1,1,0,0,1,0,0,0,0
"FSA Costs Multiplier 1 Fee Shifting Multiplier 0.5 Moderately Risk Averse Noise 2,2","0","NaN","0","Truly Not Liable MutOptLiability2",0.0593,0,0.0592649,0.290035,1,1,1,1,0.5,0.5,,,1,,,,,0,0,0,,10.35,9.35,19.7,0.3,1000.09,999.502,0.3,0.65,0,0.65,0.4225,0,0,0.3,0,1,0.5,0,0,0,0,0,2,1,1,0,0,1,0,0,0,0
"FSA Costs Multiplier 1 Fee Shifting Multiplier 0.5 Moderately Risk Averse Noise 2,2","0","NaN","0","Truly Not Liable MutOptLiability1",0.0926,0,0.0926108,0.279723,1,1,1,1,0.5,0.5,,,1,,,,,0,0,0,,10.35,9.35,19.7,0.3,1000.09,999.502,0.3,0.65,0,0.65,0.4225,0,0,0.3,0,1,0.5,0,0,0,0,0,1,1,1,0,0,1,0,0,0,0
"FSA Costs Multiplier 1 Fee Shifting Multiplier 0.5 Moderately Risk Averse Noise 2,2","0","NaN","0","Truly Not Liable MutOptLiability0",0.1181,0,0.118087,0.270169,1,1,1,1,0.5,0.5,,,1,,,,,0,0,0,,10.35,9.35,19.7,0.3,1000.09,999.502,0.3,0.65,0,0.65,0.4225,0,0,0.3,0,1,0.5,0,0,0,0,0,0,1,1,0,0,1,0,0,0,0
"FSA Costs Multiplier 1 Fee Shifting Multiplier 0.5 Moderately Risk Averse Noise 2,2","0","NaN","0","Truly Not Liable MutOptLiability-1",0.0926,0,0.0926115,0.279724,1,1,1,1,0.5,0.5,,,1,,,,,0,0,0,,10.35,9.35,19.7,0.3,1000.09,999.502,0.3,0.65,0,0.65,0.4225,0,0,0.3,0,1,0.5,0,0,0,0,0,-1,1,1,0,0,1,0,0,0,0
"FSA Costs Multiplier 1 Fee Shifting Multiplier 0.5 Moderately Risk Averse Noise 2,2","0","NaN","0","Truly Not Liable MutOptLiability-2",0.0593,0,0.0592647,0.290033,1,1,1,1,0.5,0.5,,,1,,,,,0,0,0,,10.35,9.35,19.7,0.3,1000.09,999.502,0.3,0.65,0,0.65,0.4225,0,0,0.3,0,1,0.5,0,0,0,0,0,-2,1,1,0,0,1,0,0,0,0
"FSA Costs Multiplier 1 Fee Shifting Multiplier 0.5 Moderately Risk Averse Noise 2,2","0","NaN","0","Truly Not Liable MutOptLiability-3",0.0294,0,0.0294478,0.299557,1,1,1,1,0.5,0.5,,,1,,,,,0,0,0,,10.35,9.35,19.7,0.3,1000.09,999.502,0.3,0.65,0,0.65,0.4225,0,0,0.3,0,1,0.5,0,0,0,0,0,-3,1,1,0,0,1,0,0,0,0
"FSA Costs Multiplier 1 Fee Shifting Multiplier 0.5 Moderately Risk Averse Noise 2,2","0","NaN","0","Truly Not Liable MutOptLiability-4",0.0096,0,0.00963313,0.306385,1,1,1,1,0.5,0.5,,,1,,,,,0,0,0,,10.35,9.35,19.7,0.3,1000.09,999.502,0.3,0.65,0,0.65,0.4225,0,0,0.3,0,1,0.5,0,0,0,0,0,-4,1,1,0,0,1,0,0,0,0
"FSA Costs Multiplier 1 Fee Shifting Multiplier 0.5 Moderately Risk Averse Noise 2,2","0","NaN","0","Truly Not Liable MutOptLiability-5",0,0,0,,,,,,,,,,,,,,,,,,,,,,,,,,,,,,,,,,,,,,,,,,,,,,,,,,
"FSA Costs Multiplier 1 Fee Shifting Multiplier 0.5 Moderately Risk Averse Noise 2,2","0","NaN","0","High Quality",0,0,0,,,,,,,,,,,,,,,,,,,,,,,,,,,,,,,,,,,,,,,,,,,,,,,,,,
"FSA Costs Multiplier 1 Fee Shifting Multiplier 0.5 Moderately Risk Averse Noise 2,2","0","NaN","0","High Quality Liable MutOptLiability5",0,0,0,,,,,,,,,,,,,,,,,,,,,,,,,,,,,,,,,,,,,,,,,,,,,,,,,,
"FSA Costs Multiplier 1 Fee Shifting Multiplier 0.5 Moderately Risk Averse Noise 2,2","0","NaN","0","High Quality Liable MutOptLiability4",0,0,0,,,,,,,,,,,,,,,,,,,,,,,,,,,,,,,,,,,,,,,,,,,,,,,,,,
"FSA Costs Multiplier 1 Fee Shifting Multiplier 0.5 Moderately Risk Averse Noise 2,2","0","NaN","0","High Quality Liable MutOptLiability3",0,0,0,,,,,,,,,,,,,,,,,,,,,,,,,,,,,,,,,,,,,,,,,,,,,,,,,,
"FSA Costs Multiplier 1 Fee Shifting Multiplier 0.5 Moderately Risk Averse Noise 2,2","0","NaN","0","High Quality Liable MutOptLiability2",0,0,0,,,,,,,,,,,,,,,,,,,,,,,,,,,,,,,,,,,,,,,,,,,,,,,,,,
"FSA Costs Multiplier 1 Fee Shifting Multiplier 0.5 Moderately Risk Averse Noise 2,2","0","NaN","0","High Quality Liable MutOptLiability1",0,0,0,,,,,,,,,,,,,,,,,,,,,,,,,,,,,,,,,,,,,,,,,,,,,,,,,,
"FSA Costs Multiplier 1 Fee Shifting Multiplier 0.5 Moderately Risk Averse Noise 2,2","0","NaN","0","High Quality Liable MutOptLiability0",0,0,0,,,,,,,,,,,,,,,,,,,,,,,,,,,,,,,,,,,,,,,,,,,,,,,,,,
"FSA Costs Multiplier 1 Fee Shifting Multiplier 0.5 Moderately Risk Averse Noise 2,2","0","NaN","0","High Quality Liable MutOptLiability-1",0,0,0,,,,,,,,,,,,,,,,,,,,,,,,,,,,,,,,,,,,,,,,,,,,,,,,,,
"FSA Costs Multiplier 1 Fee Shifting Multiplier 0.5 Moderately Risk Averse Noise 2,2","0","NaN","0","High Quality Liable MutOptLiability-2",0,0,0,,,,,,,,,,,,,,,,,,,,,,,,,,,,,,,,,,,,,,,,,,,,,,,,,,
"FSA Costs Multiplier 1 Fee Shifting Multiplier 0.5 Moderately Risk Averse Noise 2,2","0","NaN","0","High Quality Liable MutOptLiability-3",0,0,0,,,,,,,,,,,,,,,,,,,,,,,,,,,,,,,,,,,,,,,,,,,,,,,,,,
"FSA Costs Multiplier 1 Fee Shifting Multiplier 0.5 Moderately Risk Averse Noise 2,2","0","NaN","0","High Quality Liable MutOptLiability-4",0,0,0,,,,,,,,,,,,,,,,,,,,,,,,,,,,,,,,,,,,,,,,,,,,,,,,,,
"FSA Costs Multiplier 1 Fee Shifting Multiplier 0.5 Moderately Risk Averse Noise 2,2","0","NaN","0","High Quality Liable MutOptLiability-5",0,0,0,,,,,,,,,,,,,,,,,,,,,,,,,,,,,,,,,,,,,,,,,,,,,,,,,,
"FSA Costs Multiplier 1 Fee Shifting Multiplier 0.5 Moderately Risk Averse Noise 2,2","0","NaN","0","PLiabilitySignal 1",0.1748,0,0.17483,0.318051,1,1,1,1,0.5,0.5,,,1,,,,,0,0,0,,10.35,9.35,19.7,0.3,1000.09,999.502,0.3,0.471588,0.178412,0.65,0.306532,0.115968,0,0.3,0,1,0.5,0,0,0,0.27448,0,-1.64918,1,1,0,0,1,0,0,0,0
"FSA Costs Multiplier 1 Fee Shifting Multiplier 0.5 Moderately Risk Averse Noise 2,2","0","NaN","0","PLiabilitySignal 2",0.2123,0,0.21228,0.40208,1,1,1,1,0.5,0.5,,,1,,,,,0,0,0,,10.35,9.35,19.7,0.3,1000.09,999.502,0.3,0.404301,0.245699,0.65,0.262796,0.159704,0,0.3,0,1,0.5,0,0,0,0.377998,0,-0.8111,1,1,0,0,1,0,0,0,0
"FSA Costs Multiplier 1 Fee Shifting Multiplier 0.5 Moderately Risk Averse Noise 2,2","0","NaN","0","PLiabilitySignal 3",0.2258,0,0.22578,0.499998,1,1,1,1,0.5,0.5,,,1,,,,,0,0,0,,10.35,9.35,19.7,0.3,1000.09,999.502,0.3,0.325001,0.324999,0.65,0.211251,0.211249,0,0.3,0,1,0.5,0,0,0,0.499998,0,2E-05,1,1,0,0,1,0,0,0,0
"FSA Costs Multiplier 1 Fee Shifting Multiplier 0.5 Moderately Risk Averse Noise 2,2","0","NaN","0","PLiabilitySignal 4",0.2123,0,0.21228,0.597923,1,1,1,1,0.5,0.5,,,1,,,,,0,0,0,,10.35,9.35,19.7,0.3,1000.09,999.502,0.3,0.245696,0.404304,0.65,0.159702,0.262798,0,0.3,0,1,0.5,0,0,0,0.622006,0,0.81106,1,1,0,0,1,0,0,0,0
"FSA Costs Multiplier 1 Fee Shifting Multiplier 0.5 Moderately Risk Averse Noise 2,2","0","NaN","0","PLiabilitySignal 5",0.1748,0,0.17483,0.681949,1,1,1,1,0.5,0.5,,,1,,,,,0,0,0,,10.35,9.35,19.7,0.3,1000.09,999.502,0.3,0.178412,0.471588,0.65,0.115968,0.306532,0,0.3,0,1,0.5,0,0,0,0.72552,0,1.64918,1,1,0,0,1,0,0,0,0
"FSA Costs Multiplier 1 Fee Shifting Multiplier 0.5 Moderately Risk Averse Noise 2,2","0","NaN","0","DLiabilitySignal 1",0.1748,0,0.17483,0.318052,1,1,1,1,0.5,0.5,,,1,,,,,0,0,0,,10.35,9.35,19.7,0.3,1000.09,999.502,0.3,0.471588,0.178412,0.65,0.306532,0.115968,0,0.3,0,1,0.5,0,0,0,0.27448,0,1.64918,1,1,0,0,1,0,0,0,0
"FSA Costs Multiplier 1 Fee Shifting Multiplier 0.5 Moderately Risk Averse Noise 2,2","0","NaN","0","DLiabilitySignal 2",0.2123,0,0.212276,0.402078,1,1,1,1,0.5,0.5,,,1,,,,,0,0,0,,10.35,9.35,19.7,0.3,1000.09,999.502,0.3,0.404303,0.245697,0.65,0.262797,0.159703,0,0.3,0,1,0.5,0,0,0,0.377995,0,0.811069,1,1,0,0,1,0,0,0,0
"FSA Costs Multiplier 1 Fee Shifting Multiplier 0.5 Moderately Risk Averse Noise 2,2","0","NaN","0","DLiabilitySignal 3",0.2258,0,0.225786,0.5,1,1,1,1,0.5,0.5,,,1,,,,,0,0,0,,10.35,9.35,19.7,0.3,1000.09,999.502,0.3,0.325,0.325,0.65,0.21125,0.21125,0,0.3,0,1,0.5,0,0,0,0.5,0,-3.05311E-16,1,1,0,0,1,0,0,0,0
"FSA Costs Multiplier 1 Fee Shifting Multiplier 0.5 Moderately Risk Averse Noise 2,2","0","NaN","0","DLiabilitySignal 4",0.2123,0,0.212276,0.597922,1,1,1,1,0.5,0.5,,,1,,,,,0,0,0,,10.35,9.35,19.7,0.3,1000.09,999.502,0.3,0.245697,0.404303,0.65,0.159703,0.262797,0,0.3,0,1,0.5,0,0,0,0.622005,0,-0.811069,1,1,0,0,1,0,0,0,0
"FSA Costs Multiplier 1 Fee Shifting Multiplier 0.5 Moderately Risk Averse Noise 2,2","0","NaN","0","DLiabilitySignal 5",0.1748,0,0.174832,0.681948,1,1,1,1,0.5,0.5,,,1,,,,,0,0,0,,10.35,9.35,19.7,0.3,1000.09,999.502,0.3,0.178412,0.471588,0.65,0.115968,0.306532,0,0.3,0,1,0.5,0,0,0,0.725519,0,-1.64919,1,1,0,0,1,0,0,0,0
"FSA Costs Multiplier 1 Fee Shifting Multiplier 0.5 Moderately Risk Averse Noise 2,2","0","NaN","0","PDoesntFile",0,0,0,,,,,,,,,,,,,,,,,,,,,,,,,,,,,,,,,,,,,,,,,,,,,,,,,,
"FSA Costs Multiplier 1 Fee Shifting Multiplier 0.5 Moderately Risk Averse Noise 2,2","0","NaN","0","P Files",1,0,1,0.5,1,1,1,1,0.5,0.5,,,1,,,,,0,0,0,,10.35,9.35,19.7,0.3,1000.09,999.502,0.3,0.325,0.325,0.65,0.21125,0.21125,0,0.3,0,1,0.5,0,0,0,0.5,0,-3.9756E-06,1,1,0,0,1,0,0,0,0
"FSA Costs Multiplier 1 Fee Shifting Multiplier 0.5 Moderately Risk Averse Noise 2,2","0","NaN","0","DDoesntAnswer",0,0,0,,,,,,,,,,,,,,,,,,,,,,,,,,,,,,,,,,,,,,,,,,,,,,,,,,
"FSA Costs Multiplier 1 Fee Shifting Multiplier 0.5 Moderately Risk Averse Noise 2,2","0","NaN","0","D Answers",1,0,1,0.5,1,1,1,1,0.5,0.5,,,1,,,,,0,0,0,,10.35,9.35,19.7,0.3,1000.09,999.502,0.3,0.325,0.325,0.65,0.21125,0.21125,0,0.3,0,1,0.5,0,0,0,0.5,0,-3.9756E-06,1,1,0,0,1,0,0,0,0
"FSA Costs Multiplier 1 Fee Shifting Multiplier 0.5 Moderately Risk Averse Noise 2,2","0","NaN","0","Settles1",1,0,1,0.5,1,1,1,1,0.5,0.5,,,1,,,,,0,0,0,,10.35,9.35,19.7,0.3,1000.09,999.502,0.3,0.325,0.325,0.65,0.21125,0.21125,0,0.3,0,1,0.5,0,0,0,0.5,0,-3.9756E-06,1,1,0,0,1,0,0,0,0
"FSA Costs Multiplier 1 Fee Shifting Multiplier 0.5 Moderately Risk Averse Noise 2,2","0","NaN","0","DoesntSettle1",0,0,0,,,,,,,,,,,,,,,,,,,,,,,,,,,,,,,,,,,,,,,,,,,,,,,,,,
"FSA Costs Multiplier 1 Fee Shifting Multiplier 0.5 Moderately Risk Averse Noise 2,2","0","NaN","0","PAbandons1",0,0,0,,,,,,,,,,,,,,,,,,,,,,,,,,,,,,,,,,,,,,,,,,,,,,,,,,
"FSA Costs Multiplier 1 Fee Shifting Multiplier 0.5 Moderately Risk Averse Noise 2,2","0","NaN","0","PDoesntAbandon1",0,0,0,,,,,,,,,,,,,,,,,,,,,,,,,,,,,,,,,,,,,,,,,,,,,,,,,,
"FSA Costs Multiplier 1 Fee Shifting Multiplier 0.5 Moderately Risk Averse Noise 2,2","0","NaN","0","DDefaults1",0,0,0,,,,,,,,,,,,,,,,,,,,,,,,,,,,,,,,,,,,,,,,,,,,,,,,,,
"FSA Costs Multiplier 1 Fee Shifting Multiplier 0.5 Moderately Risk Averse Noise 2,2","0","NaN","0","DDoesntDefault1",0,0,0,,,,,,,,,,,,,,,,,,,,,,,,,,,,,,,,,,,,,,,,,,,,,,,,,,
"FSA Costs Multiplier 1 Fee Shifting Multiplier 0.5 Moderately Risk Averse Noise 2,2","0","NaN","0","POrDQuits1",0,0,0,,,,,,,,,,,,,,,,,,,,,,,,,,,,,,,,,,,,,,,,,,,,,,,,,,
"FSA Costs Multiplier 1 Fee Shifting Multiplier 0.5 Moderately Risk Averse Noise 2,2","0","NaN","0","P Loses",0,0,0,,,,,,,,,,,,,,,,,,,,,,,,,,,,,,,,,,,,,,,,,,,,,,,,,,
"FSA Costs Multiplier 1 Fee Shifting Multiplier 0.5 Moderately Risk Averse Noise 2,2","0","NaN","0","P Wins",0,0,0,,,,,,,,,,,,,,,,,,,,,,,,,,,,,,,,,,,,,,,,,,,,,,,,,,
