Completed task Optimize (ID 77) time 9/15/2026 5:55:57 PM total seconds 275

Percentage Complete 59.78% of 92; pending 32; failed 0; unstarted 5
Updated status (total 3 milliseconds)
Task to do: Optimize ID 86 Repetition 0 Started:2026-09-15T21:55:57.1491639Z Complete:False Failed:False
Beginning task Optimize (ID 86) time 9/15/2026 5:55:57 PM
Using SequenceForm
Game: LitigationGame: Specification-TruthConditionedLatentMeritsModerateRiskAversion__Cost-4__Fee-British__ExitFees-AllUnilateralExits
CollapseChanceDecisions True
NumOffers 10   
NumPotentialBargainingRounds 1  BargainingRoundsSimultaneous True SimultaneousOffersUltimatelyRevealed True 
NumLiabilityStrengthPoints 10 NumLiabilitySignals 10 PLiabilityNoiseStdev 0.2 DLiabilityNoiseStdev 0.2 CourtLiabilityNoiseStdev 0.2 
NumDamagesStrengthPoints 1 NumDamagesSignals 1 PDamagesNoiseStdev 0.1 DDamagesNoiseStdev 0.1 CourtDamagesNoiseStdev 0.15 
SkipFileAndAnswerDecisions False AllowAbandonAndDefaults True PredeterminedAbandonAndDefaults True IncludeAgreementToBargainDecisions False DeltaOffersOptions N/A 
CostsMultiplier 4 PTrialCosts 0.15 DTrialCosts 0.15 PFilingCost 0.15 DAnswerCost 0.15 PerPartyCostsLeadingUpToBargainingRound 0 
LoserPays True Multiple 1 AfterAbandonment True Rule68 False Margin False (0.7)
PInitialWealth 10 DInitialWealth 10 
DamagesMin 0 DamagesMax 1 DamagesMultiplier 1
RegretAversion 0 
PUtilityCalculator CARA Alpha=2 DUtilityCalculator CARA Alpha=2 
LitigGameDisputeGenerator LitigGameExogenousDisputeGenerator ExogenousProbabilityTrulyLiable 0.5 StdevNoiseToProduceLiabilityStrength 0.35
WarmStartOptions NoWarmStart for  iterations
Initializing all game paths...
... Chance nodes 111 decision nodes 4900 (80 information sets) final nodes 40200 total nodes 45211 Initialization milliseconds 1835
Prepping accelerated best response...
... 249 milliseconds. Chance nodes 111 decision nodes 4900 (80 information sets) final nodes 40200 total nodes 45211
Calculating min-max...
... complete 199 milliseconds
Option set Specification-TruthConditionedLatentMeritsModerateRiskAversion__Cost-4__Fee-British__ExitFees-AllUnilateralExits
Using exact arithmetic for initial prior

Game tree has 45211 nodes, of which 40200 are terminal nodes.
    Player 0 has 111 information sets, 210 moves in total
    Player 1 has  40 information sets, 240 moves in total
    Player 2 has  40 information sets, 240 moves in total
Sequence form LCP dimension is 564
    Player 1 has 241 sequences, subject to  41 constraints
    Player 2 has 241 sequences, subject to  41 constraints
Prior 1 of 1
... 100 steps (51755 ms) ...... 200 steps (223866 ms) ...... 300 steps (688583 ms) ...... 400 steps (1181875 ms) ...... 500 steps (1659399 ms) ...... 600 steps (2165511 ms) ...... 700 steps (2544594 ms) ...Complete after 773 pivoting steps
Equilibrium 1
Equilibrium behavior strategies player 1, 2:
0,1,0,0,0,0,0,0,0,0,0,0,0,0,0,0,0,0,0,0,0,0,0,0,0,1,0,0,0,0,0,0,0,0,0,0,0,0,0,0,0,0,0,0,0,0,0,0,0,1,0,0,0,0,0,0,0,0,0,0,0,0,0,0,0,0,0,0,0,0,0,0,0,1,0,0,0,0,0,0,0,0,0,0,0,0,0,0,0,0,0,0,0,0,0,0,0,1,0,0,0,0,0,0,0,0,0,0,0,0,0,0,0,0,0,0,0,0,0,0,0,1,0,0,0,0,0,0,0,0,0,0,0,0,0,0,0,0,0,0,0,0,0,0,0,1,0,0,0,0,0,0,0,0,0,0,0,0,0,0,0,0,0,0,0,0,0,0,0,1,0,0,0,0,0,0,0,0,0,0,0,0,0,0,0,0,0,0,0,0,0,0,0,1,0,0,0,0,0,0,0,0,0,0,0,0,0,0,0,0,0,0,0,0,0,0,0,1,0,0,0,0,0,0,0,0,0,0,0,0,0,0,0,0,0,0,0,0,0,0
1,0,0,1,0,0,0,0,0,0,0,0,0,0,0,0,0,0,969329556831462395568095107651735371843523/27348824482344226314640144406573276457796764,0,0,26379494925512763919072049298921541085953241/27348824482344226314640144406573276457796764,0,0,1,0,0,1,0,0,0,0,0,0,0,0,0,0,0,0,0,0,0,0,0,1,0,0,1,0,0,1,0,0,0,0,0,0,0,0,0,0,0,0,0,0,0,1855521585716744174670009892554211875459673/167023178088602239278695167625858224081544523,7827613180000/9870891957783,10906115457773481492962181726381457650834950/55674392696200746426231722541952741360514841,0,0,1,0,1,0,0,0,0,0,0,0,0,0,1,0,0,0,0,0,0,0,0,0,0,0,1,0,57443573028332763203112607122881715523832717/61534855085274509207940324914789872030042719,4091282056941746004827717791908156506210002/61534855085274509207940324914789872030042719,0,0,0,0,0,0,0,0,1,0,0,0,0,0,0,1,0,0,0,0,1,0,93566722430704190742646754496055676506972/98771838018097125534414646733210067463953,5205115587392934791767892237154390956981/98771838018097125534414646733210067463953,0,0,0,0,0,0,0,0,1,0,0,0,0,0,0,1,0,0,0,0,1,0,290441733079269699374497962299562819010954/325581243837431265650477909602062814973771,35139510758161566275979947302499995962817/325581243837431265650477909602062814973771,0,0,0,0,0,0,0,0,1,0,0,0,0,49628406166889461161933026204976635246576637975000/95608058733012789762826027671945355713077591948383,45979652566123328600893001466968720466500953973383/95608058733012789762826027671945355713077591948383,0,0,0,0,0,1,0,61043861585295390887501216569957202435560175/61534855085274509207940324914789872030042719,490993499979118320439108344832669594482544/61534855085274509207940324914789872030042719,0,0,0,0,0,0,0,0,1,0,0,0,0,6253986142982005268373674033960470295300308037500/22603818873998328447087452152337027718526377459713,16349832731016323178713778118376557423226069422213/22603818873998328447087452152337027718526377459713,0,0,0,0,0,1,0,1,0,0,0,0,0,0,0,0,0,1,0,0,0,0,0,0,0,0,0,0,0,1,0,1,0,0,0,0,0,0,0,0,0,1,0,0,0,0,0,0,0,0,0,0,0
Elapsed milliseconds prior 1: 2861007
Changed to original form:
0,1,0,0,0,0,0,0,0,0,0,0,0,0,0,0,0,0,0,0,0,0,0,0,0,1,0,0,0,0,0,0,0,0,0,0,0,0,0,0,0,0,0,0,0,0,0,0,0,1,0,0,0,0,0,0,0,0,0,0,0,0,0,0,0,0,0,0,0,0,0,0,0,1,0,0,0,0,0,0,0,0,0,0,0,0,0,0,0,0,0,0,0,0,0,0,0,1,0,0,0,0,0,0,0,0,0,0,0,0,0,0,0,0,0,0,0,0,0,0,0,1,0,0,0,0,0,0,0,0,0,0,0,0,0,0,0,0,0,0,0,0,0,0,0,1,0,0,0,0,0,0,0,0,0,0,0,0,0,0,0,0,0,0,0,0,0,0,0,1,0,0,0,0,0,0,0,0,0,0,0,0,0,0,0,0,0,0,0,0,0,0,0,1,0,0,0,0,0,0,0,0,0,0,0,0,0,0,0,0,0,0,0,0,0,0,0,1,0,0,0,0,0,0,0,0,0,0,0,0,0,0,0,0,0,0,0,0,0,0,1,0,0,1,0,0,0,0,0,0,0,0,0,0,0,0,0,0,969329556831462395568095107651735371843523/27348824482344226314640144406573276457796764,0,0,26379494925512763919072049298921541085953241/27348824482344226314640144406573276457796764,0,0,1,0,0,1,0,0,0,0,0,0,0,0,0,0,0,0,0,0,0,0,0,1,0,0,1,0,0,1,0,0,0,0,0,0,0,0,0,0,0,0,0,0,0,1855521585716744174670009892554211875459673/167023178088602239278695167625858224081544523,7827613180000/9870891957783,10906115457773481492962181726381457650834950/55674392696200746426231722541952741360514841,0,0,1,0,1,0,0,0,0,0,0,0,0,0,1,0,0,0,0,0,0,0,0,0,0,0,1,0,57443573028332763203112607122881715523832717/61534855085274509207940324914789872030042719,4091282056941746004827717791908156506210002/61534855085274509207940324914789872030042719,0,0,0,0,0,0,0,0,1,0,0,0,0,0,0,1,0,0,0,0,1,0,93566722430704190742646754496055676506972/98771838018097125534414646733210067463953,5205115587392934791767892237154390956981/98771838018097125534414646733210067463953,0,0,0,0,0,0,0,0,1,0,0,0,0,0,0,1,0,0,0,0,1,0,290441733079269699374497962299562819010954/325581243837431265650477909602062814973771,35139510758161566275979947302499995962817/325581243837431265650477909602062814973771,0,0,0,0,0,0,0,0,1,0,0,0,0,49628406166889461161933026204976635246576637975000/95608058733012789762826027671945355713077591948383,45979652566123328600893001466968720466500953973383/95608058733012789762826027671945355713077591948383,0,0,0,0,0,1,0,61043861585295390887501216569957202435560175/61534855085274509207940324914789872030042719,490993499979118320439108344832669594482544/61534855085274509207940324914789872030042719,0,0,0,0,0,0,0,0,1,0,0,0,0,6253986142982005268373674033960470295300308037500/22603818873998328447087452152337027718526377459713,16349832731016323178713778118376557423226069422213/22603818873998328447087452152337027718526377459713,0,0,0,0,0,1,0,1,0,0,0,0,0,0,0,0,0,1,0,0,0,0,0,0,0,0,0,0,0,1,0,1,0,0,0,0,0,0,0,0,0,1,0,0,0,0,0,0,0,0,0,0,0
Perfect equilibrium confirmed 181 ms
Verified recoveries: 1; requested: 1; distinct profiles: 1.

Specification-TruthConditionedLatentMeritsModerateRiskAversion__Cost-4__Fee-British__ExitFees-AllUnilateralExits
Result using all paths playing CurrentProbability
Best iteration 1000 best exploitability 5.684341886080802E-14
Scenario index 0 Name: Option set Specification-TruthConditionedLatentMeritsModerateRiskAversion__Cost-4__Fee-British__ExitFees-AllUnilateralExits
Avg BR: 5.684341886080802E-14 Perturbed refinement: ∞ Custom: 0, 0, 0, 0
U(P0): 999.9999667079998 BR score 999.9999667079999 BRimp: 1.14E-13
U(P1): 999.9999999999998 BR score 999.9999999999998 BRimp: 0
Total best response calculation time: 16 milliseconds


Elapsed milliseconds report for eq 1 of 1: 512
Writing report to blob
Report written to blob
