Completed task Optimize (ID 26) time 9/15/2026 5:43:17 PM total seconds 414

Percentage Complete 20.65% of 92; pending 32; failed 0; unstarted 41
Updated status (total 22 milliseconds)
Task to do: Optimize ID 50 Repetition 0 Started:2026-09-15T21:43:17.7089804Z Complete:False Failed:False
Beginning task Optimize (ID 50) time 9/15/2026 5:43:17 PM
Using SequenceForm
Game: LitigationGame: Specification-HighNoiseModerateRiskAversion__Cost-4__Fee-British__ExitFees-AllUnilateralExits
CollapseChanceDecisions True
NumOffers 10   
NumPotentialBargainingRounds 1  BargainingRoundsSimultaneous True SimultaneousOffersUltimatelyRevealed True 
NumLiabilityStrengthPoints 2 NumLiabilitySignals 10 PLiabilityNoiseStdev 0.4 DLiabilityNoiseStdev 0.4 CourtLiabilityNoiseStdev 0.4 
NumDamagesStrengthPoints 1 NumDamagesSignals 1 PDamagesNoiseStdev 0.1 DDamagesNoiseStdev 0.1 CourtDamagesNoiseStdev 0.15 
SkipFileAndAnswerDecisions False AllowAbandonAndDefaults True PredeterminedAbandonAndDefaults True IncludeAgreementToBargainDecisions False DeltaOffersOptions N/A 
CostsMultiplier 4 PTrialCosts 0.15 DTrialCosts 0.15 PFilingCost 0.15 DAnswerCost 0.15 PerPartyCostsLeadingUpToBargainingRound 0 
LoserPays True Multiple 1 AfterAbandonment True Rule68 False Margin False (0.7)
PInitialWealth 10 DInitialWealth 10 
DamagesMin 0 DamagesMax 1 DamagesMultiplier 1
RegretAversion 0 
PUtilityCalculator CARA Alpha=2 DUtilityCalculator CARA Alpha=2 
LitigGameDisputeGenerator LitigGameUniformQualityDisputeGenerator QualityDistribution=Uniform(0,1);TruthGivenQuality=Bernoulli(q);GaussLegendreOrder=64
WarmStartOptions NoWarmStart for  iterations
Initializing all game paths...
... Chance nodes 111 decision nodes 4900 (80 information sets) final nodes 40200 total nodes 45211 Initialization milliseconds 1640
Prepping accelerated best response...
... 254 milliseconds. Chance nodes 111 decision nodes 4900 (80 information sets) final nodes 40200 total nodes 45211
Calculating min-max...
... complete 240 milliseconds
Option set Specification-HighNoiseModerateRiskAversion__Cost-4__Fee-British__ExitFees-AllUnilateralExits
Using exact arithmetic for initial prior

Game tree has 45211 nodes, of which 40200 are terminal nodes.
    Player 0 has 111 information sets, 210 moves in total
    Player 1 has  40 information sets, 240 moves in total
    Player 2 has  40 information sets, 240 moves in total
Sequence form LCP dimension is 564
    Player 1 has 241 sequences, subject to  41 constraints
    Player 2 has 241 sequences, subject to  41 constraints
Prior 1 of 1
... 100 steps (59332 ms) ...... 200 steps (243748 ms) ...... 300 steps (664904 ms) ...Complete after 391 pivoting steps
Equilibrium 1
Equilibrium behavior strategies player 1, 2:
0,1,0,0,0,0,0,0,0,0,0,0,0,0,0,0,0,0,0,0,0,0,0,0,0,1,0,0,0,0,0,0,0,0,0,0,0,0,0,0,0,0,0,0,0,0,0,0,0,1,0,0,0,0,0,0,0,0,0,0,0,0,0,0,0,0,0,0,0,0,0,0,0,1,0,0,0,0,0,0,0,0,0,0,0,0,0,0,0,0,0,0,0,0,0,0,0,1,0,0,0,0,0,0,0,0,0,0,0,0,0,0,0,0,0,0,0,0,0,0,0,1,0,0,0,0,0,0,0,0,0,0,0,0,0,0,0,0,0,0,0,0,0,0,0,1,0,0,0,0,0,0,0,0,0,0,0,0,0,0,0,0,0,0,0,0,0,0,0,1,0,0,0,0,0,0,0,0,0,0,0,0,0,0,0,0,0,0,0,0,0,0,0,1,0,0,0,0,0,0,0,0,0,0,0,0,0,0,0,0,0,0,0,0,0,0,0,1,0,0,0,0,0,0,0,0,0,0,0,0,0,0,0,0,0,0,0,0,0,0
1,0,50559242640464921673678420819700724780690429516175979/64303494672229057959438825491486753691772779571355979,13744252031764136285760404671786028911082350055180000/64303494672229057959438825491486753691772779571355979,0,0,0,0,0,0,0,0,1,0,0,0,0,9153636672042610797265527980485131089622746623429875217/74673751399131395330733854138031619923497949720122878610,1747171776767149441956068749162202035479271003811658697/8785147223427222980086335780944896461587994084720338660,528419732424522771960020096355120984509215459038772959/2162218241133070392203255342156034496233653145980807240,154171302636668189817171291329046753141737237697735/654226396711972887202195262377014976167519862626568,272820954779090718117780215093876261038947308859/1374425203176413628576040467178602891108235005518,0,0,1,0,1,0,0,0,0,0,0,0,0,0,1,0,0,0,0,0,0,0,0,0,0,0,1,0,1,0,0,0,0,0,0,0,0,0,1,0,0,0,0,0,0,0,0,0,0,0,1,0,1,0,0,0,0,0,0,0,0,0,1,0,0,0,0,0,0,0,0,0,0,0,1,0,1,0,0,0,0,0,0,0,0,0,1,0,0,0,0,0,0,0,0,0,0,0,1,0,1886911759581944013052132467244328562587783509571363/1948590747643304786649661378529901627023417562768363,61678988061360773597528911285573064435634053197000/1948590747643304786649661378529901627023417562768363,0,0,0,0,0,0,0,0,1,0,0,0,0,1,0,0,0,0,0,0,1,0,1,0,0,0,0,0,0,0,0,0,1,0,0,0,0,0,0,0,0,0,0,0,1,0,5376811046760978801681535847161602131487673424834089/5845772242929914359948984135589704881070252688305089,468961196168935558267448288428102749582579263471000/5845772242929914359948984135589704881070252688305089,0,0,0,0,0,0,0,0,1,0,0,0,0,313955481189380303340357510964391547286606057851161/906970953390721369689244989819950717692708295552914,593015472201341066348887478855559170406102237701753/906970953390721369689244989819950717692708295552914,0,0,0,0,0,1,0,1,0,0,0,0,0,0,0,0,0,1,0,0,0,0,0,0,0,0,0,0,0,1,0,574182043327545053157528131951330771157820998259121/649530249214434928883220459509967209007805854256121,75348205886889875725692327558636437849984855997000/649530249214434928883220459509967209007805854256121,0,0,0,0,0,0,0,0,1,0,0,0,0,0,0,68652782281739713825537499185927513283969476918/175812480402743043359948764303485021649964663993,55284545679499855775112737606498382285636560245/175812480402743043359948764303485021649964663993,7410736063071924822756932501579875154336946690/25116068628963291908564109186212145949994951999,0,0
Elapsed milliseconds prior 1: 1199218
Changed to original form:
0,1,0,0,0,0,0,0,0,0,0,0,0,0,0,0,0,0,0,0,0,0,0,0,0,1,0,0,0,0,0,0,0,0,0,0,0,0,0,0,0,0,0,0,0,0,0,0,0,1,0,0,0,0,0,0,0,0,0,0,0,0,0,0,0,0,0,0,0,0,0,0,0,1,0,0,0,0,0,0,0,0,0,0,0,0,0,0,0,0,0,0,0,0,0,0,0,1,0,0,0,0,0,0,0,0,0,0,0,0,0,0,0,0,0,0,0,0,0,0,0,1,0,0,0,0,0,0,0,0,0,0,0,0,0,0,0,0,0,0,0,0,0,0,0,1,0,0,0,0,0,0,0,0,0,0,0,0,0,0,0,0,0,0,0,0,0,0,0,1,0,0,0,0,0,0,0,0,0,0,0,0,0,0,0,0,0,0,0,0,0,0,0,1,0,0,0,0,0,0,0,0,0,0,0,0,0,0,0,0,0,0,0,0,0,0,0,1,0,0,0,0,0,0,0,0,0,0,0,0,0,0,0,0,0,0,0,0,0,0,1,0,50559242640464921673678420819700724780690429516175979/64303494672229057959438825491486753691772779571355979,13744252031764136285760404671786028911082350055180000/64303494672229057959438825491486753691772779571355979,0,0,0,0,0,0,0,0,1,0,0,0,0,9153636672042610797265527980485131089622746623429875217/74673751399131395330733854138031619923497949720122878610,1747171776767149441956068749162202035479271003811658697/8785147223427222980086335780944896461587994084720338660,528419732424522771960020096355120984509215459038772959/2162218241133070392203255342156034496233653145980807240,154171302636668189817171291329046753141737237697735/654226396711972887202195262377014976167519862626568,272820954779090718117780215093876261038947308859/1374425203176413628576040467178602891108235005518,0,0,1,0,1,0,0,0,0,0,0,0,0,0,1,0,0,0,0,0,0,0,0,0,0,0,1,0,1,0,0,0,0,0,0,0,0,0,1,0,0,0,0,0,0,0,0,0,0,0,1,0,1,0,0,0,0,0,0,0,0,0,1,0,0,0,0,0,0,0,0,0,0,0,1,0,1,0,0,0,0,0,0,0,0,0,1,0,0,0,0,0,0,0,0,0,0,0,1,0,1886911759581944013052132467244328562587783509571363/1948590747643304786649661378529901627023417562768363,61678988061360773597528911285573064435634053197000/1948590747643304786649661378529901627023417562768363,0,0,0,0,0,0,0,0,1,0,0,0,0,1,0,0,0,0,0,0,1,0,1,0,0,0,0,0,0,0,0,0,1,0,0,0,0,0,0,0,0,0,0,0,1,0,5376811046760978801681535847161602131487673424834089/5845772242929914359948984135589704881070252688305089,468961196168935558267448288428102749582579263471000/5845772242929914359948984135589704881070252688305089,0,0,0,0,0,0,0,0,1,0,0,0,0,313955481189380303340357510964391547286606057851161/906970953390721369689244989819950717692708295552914,593015472201341066348887478855559170406102237701753/906970953390721369689244989819950717692708295552914,0,0,0,0,0,1,0,1,0,0,0,0,0,0,0,0,0,1,0,0,0,0,0,0,0,0,0,0,0,1,0,574182043327545053157528131951330771157820998259121/649530249214434928883220459509967209007805854256121,75348205886889875725692327558636437849984855997000/649530249214434928883220459509967209007805854256121,0,0,0,0,0,0,0,0,1,0,0,0,0,0,0,68652782281739713825537499185927513283969476918/175812480402743043359948764303485021649964663993,55284545679499855775112737606498382285636560245/175812480402743043359948764303485021649964663993,7410736063071924822756932501579875154336946690/25116068628963291908564109186212145949994951999,0,0
Perfect equilibrium confirmed 269 ms
Verified recoveries: 1; requested: 1; distinct profiles: 1.

Specification-HighNoiseModerateRiskAversion__Cost-4__Fee-British__ExitFees-AllUnilateralExits
Result using all paths playing CurrentProbability
Best iteration 1000 best exploitability 1.7053025658242404E-13
Scenario index 0 Name: Option set Specification-HighNoiseModerateRiskAversion__Cost-4__Fee-British__ExitFees-AllUnilateralExits
Avg BR: 1.7053025658242404E-13 Perturbed refinement: 1.5 Custom: 0, 0, 0, 0
U(P0): 1000.0000332122995 BR score 1000.0000332122999 BRimp: 3.41E-13
U(P1): 999.9999999999999 BR score 999.9999999999999 BRimp: 0
Total best response calculation time: 31 milliseconds


Elapsed milliseconds report for eq 1 of 1: 211
Writing report to blob
Report written to blob
