"OptionSet","Exploit","Refine","Seconds","Filter","All","NoDispute","DisputeArises","LitigQuality","PFiles","DAnswers","PBargains1","DBargains1","POffer1","DOffer1","POfferMixedness1","DOfferMixedness1","Settles1","PBet1","DBet1","PBetMixedness1","DBetMixedness1","PAbandons1","DDefaults1","Trial","PWinPct","PWealth","DWealth","TotWealth","WealthLoss","PWelfare","DWelfare","TotExpense","False+","False-","False+-","False+^2","False-^2","PDSWelfareLoss","SWelfareLoss","Chips","Settles","ValIfSettled","PAbandons","DDefaults","BothReadyToGiveUp","TrulyLiable","PrimaryAction","MutualOptimism","P Files","D Answers","PDoesntFile","DDoesntAnswer","SettlesBR1","PAbandonsBR1","DDefaultsBR1","P Loses","P Wins"
"FSA Costs Multiplier 1 Fee Shifting Multiplier 1 P More Risk Averse","1.705E-13","1","2","All",1,0,1,0.499992,0.60074,0.421064,1,1,0.56792,0.311597,,,0.190589,,,,,0.0592002,0.162404,0.008871,0.499982,10.3218,9.52229,19.8441,0.155932,1000,999.429,0.155932,0.11515,0.221828,0.336978,0.077986,0.16918,0,0.155932,0,0.190589,0.35,0.0592002,0.162404,0,0.499991,0,-1.85688E-05,0.60074,0.421064,0.39926,0.179676,0.190589,0.0592002,0.162404,0.00443571,0.0044354
"FSA Costs Multiplier 1 Fee Shifting Multiplier 1 P More Risk Averse","1.705E-13","1","2","NoDispute",0,0,0,,,,,,,,,,,,,,,,,,,,,,,,,,,,,,,,,,,,,,,,,,,,,,,,,,
"FSA Costs Multiplier 1 Fee Shifting Multiplier 1 P More Risk Averse","1.705E-13","1","2","DisputeArises",1,0,1,0.499992,0.60074,0.421064,1,1,0.56792,0.311597,,,0.190589,,,,,0.0592002,0.162404,0.008871,0.499982,10.3218,9.52229,19.8441,0.155932,1000,999.429,0.155932,0.11515,0.221828,0.336978,0.077986,0.16918,0,0.155932,0,0.190589,0.35,0.0592002,0.162404,0,0.499991,0,-1.85688E-05,0.60074,0.421064,0.39926,0.179676,0.190589,0.0592002,0.162404,0.00443571,0.0044354
"FSA Costs Multiplier 1 Fee Shifting Multiplier 1 P More Risk Averse","1.705E-13","1","2","PFiles",0.6007,0,0.60074,0.67606,1,0.700909,1,1,0.56792,0.311597,,,0.317257,,,,,0.0985455,0.27034,0.014767,0.499982,10.5356,9.2048,19.7404,0.259567,1000,999.05,0.259567,0.19168,0.257577,0.449256,0.129817,0.169938,0,0.259567,0,0.317257,0.35,0.0985455,0.27034,0,0.72061,0,0.606564,1,0.700909,0,0.299091,0.317257,0.0985455,0.27034,0.00738374,0.0073832
"FSA Costs Multiplier 1 Fee Shifting Multiplier 1 P More Risk Averse","1.705E-13","1","2","DAnswers",0.4211,0,0.421064,0.606601,1,1,1,1,0.56792,0.311597,,,0.452636,,,,,0.140597,0.385699,0.021068,0.499982,10.4015,9.29218,19.6937,0.30632,1000,999.154,0.30632,0.235508,0.309176,0.544685,0.147247,0.233706,0,0.30632,0,0.452636,0.35,0.140597,0.385699,0,0.639354,0,1.41052,1,1,0,0,0.452636,0.140597,0.385699,0.0105345,0.0105338
"FSA Costs Multiplier 1 Fee Shifting Multiplier 1 P More Risk Averse","1.705E-13","1","2","Litigated",0.4211,0,0.421064,0.606601,1,1,1,1,0.56792,0.311597,,,0.452636,,,,,0.140597,0.385699,0.021068,0.499982,10.4015,9.29218,19.6937,0.30632,1000,999.154,0.30632,0.235508,0.309176,0.544685,0.147247,0.233706,0,0.30632,0,0.452636,0.35,0.140597,0.385699,0,0.639354,0,1.41052,1,1,0,0,0.452636,0.140597,0.385699,0.0105345,0.0105338
"FSA Costs Multiplier 1 Fee Shifting Multiplier 1 P More Risk Averse","1.705E-13","1","2","Not Litigated",0.5789,0,0.578936,0.422454,0.310355,0,1,1,,,,,0,,,,,0,0,0,,10.2638,9.68964,19.9534,0.0465533,1000,999.63,0.0465533,0.0276118,0.158299,0.185911,0.0276118,0.122249,0,0.0465533,0,0,,0,0,0,0.398631,0,-1.02591,0.310355,0,0.689645,0.310355,0,0,0,0,0
"FSA Costs Multiplier 1 Fee Shifting Multiplier 1 P More Risk Averse","1.705E-13","1","2","Settles",0.1906,0,0.190589,0.569469,1,1,1,1,0.35,0.35,,,1,,,,,0,0,0,,10.2,9.5,19.7,0.3,1000,999.679,0.3,0.201015,0.478375,0.679391,0.100508,0.3827,0,0.3,0,1,0.35,0,0,0,0.597969,0,-0.0429864,1,1,0,0,1,0,0,0,0
"FSA Costs Multiplier 1 Fee Shifting Multiplier 1 P More Risk Averse","1.705E-13","1","2","Tried",0.0089,0,0.0088711,0.499988,1,1,1,1,0.854874,0.12943,,,0,,,,,0,0,1,0.499982,10.2,9.20003,19.4,0.6,999.985,997.805,0.6,0.480397,0.288652,0.769048,0.57689,0.461843,0,0.6,0,0,,0,0,0,0.499982,0,6.0666,1,1,0,0,0,0,0,0.500018,0.499982
"FSA Costs Multiplier 1 Fee Shifting Multiplier 1 P More Risk Averse","1.705E-13","1","2","PWins",0.0044,0,0.00443539,0.591425,1,1,1,1,0.865413,0.138234,,,0,,,,,0,0,1,1,11,8.4,19.4,0.6,1000,995.609,0.6,0.960828,0,0.960828,1.15382,0,0,0.6,0,0,,0,0,0,0.639172,0,6.06655,1,1,0,0,0,0,0,0,1
"FSA Costs Multiplier 1 Fee Shifting Multiplier 1 P More Risk Averse","1.705E-13","1","2","DWins",0.0044,0,0.00443571,0.408557,1,1,1,1,0.844336,0.120626,,,0,,,,,0,0,1,0,9.4,10,19.4,0.6,999.966,1000,0.6,0,0.577283,0.577283,0,0.923652,0,0.6,0,0,,0,0,0,0.360802,0,6.06665,1,1,0,0,0,0,0,1,0
"FSA Costs Multiplier 1 Fee Shifting Multiplier 1 P More Risk Averse","1.705E-13","1","2","Abandoned",0.2216,0,0.221604,0.642805,1,1,1,1,0.743853,0.285861,,,0,,,,,0.267144,0.732856,0,,10.5829,9.11714,19.7,0.3,1000,998.756,0.3,0.255371,0.16448,0.41985,0.170246,0.0964327,0,0.3,0,0,,0.267144,0.732856,0,0.680526,0,2.47421,1,1,0,0,0,0.267144,0.732856,0,0
"FSA Costs Multiplier 1 Fee Shifting Multiplier 1 P More Risk Averse","1.705E-13","1","2","Rounds1",0.4211,0,0.421064,0.606601,1,1,1,1,0.56792,0.311597,,,0.452636,,,,,0.140597,0.385699,0.021068,0.499982,10.4015,9.29218,19.6937,0.30632,1000,999.154,0.30632,0.235508,0.309176,0.544685,0.147247,0.233706,0,0.30632,0,0.452636,0.35,0.140597,0.385699,0,0.639354,0,1.41052,1,1,0,0,0.452636,0.140597,0.385699,0.0105345,0.0105338
"FSA Costs Multiplier 1 Fee Shifting Multiplier 1 P More Risk Averse","1.705E-13","1","2","PrePrimary1",0,0,0,,,,,,,,,,,,,,,,,,,,,,,,,,,,,,,,,,,,,,,,,,,,,,,,,,
"FSA Costs Multiplier 1 Fee Shifting Multiplier 1 P More Risk Averse","1.705E-13","1","2","PrePrimary2",0,0,0,,,,,,,,,,,,,,,,,,,,,,,,,,,,,,,,,,,,,,,,,,,,,,,,,,
"FSA Costs Multiplier 1 Fee Shifting Multiplier 1 P More Risk Averse","1.705E-13","1","2","PrePrimary3",0,0,0,,,,,,,,,,,,,,,,,,,,,,,,,,,,,,,,,,,,,,,,,,,,,,,,,,
"FSA Costs Multiplier 1 Fee Shifting Multiplier 1 P More Risk Averse","1.705E-13","1","2","PrePrimary4",0,0,0,,,,,,,,,,,,,,,,,,,,,,,,,,,,,,,,,,,,,,,,,,,,,,,,,,
"FSA Costs Multiplier 1 Fee Shifting Multiplier 1 P More Risk Averse","1.705E-13","1","2","PrePrimary5",0,0,0,,,,,,,,,,,,,,,,,,,,,,,,,,,,,,,,,,,,,,,,,,,,,,,,,,
"FSA Costs Multiplier 1 Fee Shifting Multiplier 1 P More Risk Averse","1.705E-13","1","2","PrePrimary6",0,0,0,,,,,,,,,,,,,,,,,,,,,,,,,,,,,,,,,,,,,,,,,,,,,,,,,,
"FSA Costs Multiplier 1 Fee Shifting Multiplier 1 P More Risk Averse","1.705E-13","1","2","PrePrimary7",0,0,0,,,,,,,,,,,,,,,,,,,,,,,,,,,,,,,,,,,,,,,,,,,,,,,,,,
"FSA Costs Multiplier 1 Fee Shifting Multiplier 1 P More Risk Averse","1.705E-13","1","2","PrePrimary8",0,0,0,,,,,,,,,,,,,,,,,,,,,,,,,,,,,,,,,,,,,,,,,,,,,,,,,,
"FSA Costs Multiplier 1 Fee Shifting Multiplier 1 P More Risk Averse","1.705E-13","1","2","PrePrimary9",0,0,0,,,,,,,,,,,,,,,,,,,,,,,,,,,,,,,,,,,,,,,,,,,,,,,,,,
"FSA Costs Multiplier 1 Fee Shifting Multiplier 1 P More Risk Averse","1.705E-13","1","2","PrePrimary10",0,0,0,,,,,,,,,,,,,,,,,,,,,,,,,,,,,,,,,,,,,,,,,,,,,,,,,,
"FSA Costs Multiplier 1 Fee Shifting Multiplier 1 P More Risk Averse","1.705E-13","1","2","Truly Liable",0.5,0,0.499991,0.722392,0.865815,0.538428,1,1,0.633804,0.334927,,,0.227937,,,,,0.027657,0.273963,0.008871,0.639172,10.5563,9.23037,19.7867,0.213298,1000,999.051,0.213298,0.0444965,0.443664,0.488161,0.0082054,0.338366,0,0.213298,0,0.227937,0.35,0.027657,0.273963,0,1,0,-4.93863E-05,0.865815,0.538428,0.134185,0.327386,0.227937,0.027657,0.273963,0.00320088,0.0056701
"FSA Costs Multiplier 1 Fee Shifting Multiplier 1 P More Risk Averse","1.705E-13","1","2","Truly Not Liable",0.5,0,0.500009,0.277601,0.335675,0.303705,1,1,0.45112,0.270236,,,0.153242,,,,,0.0907423,0.0508487,0.008871,0.360802,10.0872,9.8142,19.9014,0.0985683,1000,999.808,0.0985683,0.1858,0,0.1858,0.147764,0,0,0.0985683,0,0.153242,0.35,0.0907423,0.0508487,0,0,0,1.22476E-05,0.335675,0.303705,0.664325,0.0319703,0.153242,0.0907423,0.0508487,0.00567049,0.0032008
"FSA Costs Multiplier 1 Fee Shifting Multiplier 1 P More Risk Averse","1.705E-13","1","2","AllCount",2840,0,2840,0.499992,1706.1,1195.82,2840,2840,0.56792,0.311597,,,541.273,,,,,168.129,461.227,25.1939,399.986,10.3218,9.52229,19.8441,0.155932,1000,999.429,0.155932,0.11515,0.221828,0.336978,0.077986,0.16918,0,0.155932,0,541.273,0.35,168.129,461.227,0,1419.97,0,-1.85688E-05,1706.1,1195.82,1133.9,510.279,541.273,168.129,461.227,12.5974,12.5965
"FSA Costs Multiplier 1 Fee Shifting Multiplier 1 P More Risk Averse","1.705E-13","1","2","Liability Strength1",0.1159,0,0.115877,0.05,0.0669067,0.066897,1,1,0.356671,0.130014,,,0.0116268,,,,,0.0543078,0.000169658,0.000793,0.0204164,9.99388,9.98581,19.9797,0.0203084,1000,999.992,0.0203084,0.0138313,0.0255204,0.0393517,0.00429274,0.0257292,0,0.0203084,0,0.0116268,0.35,0.0543078,0.000169658,0,0.0253652,0,8.97708E-06,0.0669067,0.066897,0.933093,9.77032E-06,0.0116268,0.0543078,0.000169658,0.00077652,1.6184E-5
"FSA Costs Multiplier 1 Fee Shifting Multiplier 1 P More Risk Averse","1.705E-13","1","2","Liability Strength2",0.1102,0,0.110239,0.15,0.136595,0.136495,1,1,0.363213,0.168073,,,0.0388032,,,,,0.0938545,0.00112224,0.002715,0.0517848,9.99332,9.9649,19.9582,0.0417781,1000,999.979,0.0417781,0.0331681,0.0556824,0.0888505,0.0129999,0.0563626,0,0.0417781,0,0.0388032,0.35,0.0938545,0.00112224,0,0.0553128,0,8.94245E-06,0.136595,0.136495,0.863405,0.000100042,0.0388032,0.0938545,0.00112224,0.00257453,0.0001406
"FSA Costs Multiplier 1 Fee Shifting Multiplier 1 P More Risk Averse","1.705E-13","1","2","Liability Strength3",0.1002,0,0.100217,0.25,0.253321,0.252502,1,1,0.375592,0.213767,,,0.106786,,,,,0.132187,0.00604485,0.007485,0.118043,10.0043,9.91759,19.9219,0.0781189,1000,999.942,0.0781189,0.0729809,0.115896,0.188877,0.036056,0.117197,0,0.0781189,0,0.106786,0.35,0.132187,0.00604485,0,0.116395,0,1.22897E-05,0.253321,0.252502,0.746679,0.00081908,0.106786,0.132187,0.00604485,0.00660102,0.0008835
"FSA Costs Multiplier 1 Fee Shifting Multiplier 1 P More Risk Averse","1.705E-13","1","2","Liability Strength4",0.09,0,0.0900083,0.35,0.417686,0.412615,1,1,0.397963,0.260375,,,0.230179,,,,,0.141776,0.0251593,0.0155,0.235625,10.047,9.8238,19.8708,0.129195,1000,999.853,0.129195,0.137286,0.217859,0.355145,0.0840711,0.216749,0,0.129195,0,0.230179,0.35,0.141776,0.0251593,0,0.228605,0,2.43395E-05,0.417686,0.412615,0.582314,0.00507118,0.230179,0.141776,0.0251593,0.0118475,0.0036521
"FSA Costs Multiplier 1 Fee Shifting Multiplier 1 P More Risk Averse","1.705E-13","1","2","Liability Strength5",0.0837,0,0.0836696,0.45,0.604921,0.582144,1,1,0.435723,0.299255,,,0.372808,,,,,0.109,0.0776332,0.022702,0.404463,10.1446,9.6705,19.8151,0.18487,1000,999.676,0.18487,0.204557,0.342161,0.546719,0.148782,0.325893,0,0.18487,0,0.372808,0.35,0.109,0.0776332,0,0.400016,0,4.07355E-05,0.604921,0.582144,0.395079,0.0227771,0.372808,0.109,0.0776332,0.0135198,0.0091821
"FSA Costs Multiplier 1 Fee Shifting Multiplier 1 P More Risk Averse","1.705E-13","1","2","Liability Strength6",0.0837,0,0.0836692,0.55,0.772899,0.699574,1,1,0.493478,0.325316,,,0.44463,,,,,0.0578802,0.174362,0.022701,0.595537,10.2988,9.47353,19.7723,0.227681,1000,999.415,0.227681,0.231155,0.420716,0.651871,0.185676,0.370364,0,0.227681,0,0.44463,0.35,0.0578802,0.174362,0,0.599984,0,3.58542E-05,0.772899,0.699574,0.227101,0.0733254,0.44463,0.0578802,0.174362,0.00918178,0.0135194
"FSA Costs Multiplier 1 Fee Shifting Multiplier 1 P More Risk Averse","1.705E-13","1","2","Liability Strength7",0.09,0,0.0900068,0.65,0.890477,0.717302,1,1,0.57086,0.339505,,,0.392841,,,,,0.0211507,0.287812,0.015498,0.764375,10.4769,9.27729,19.7542,0.245816,1000,999.132,0.245816,0.204,0.403524,0.607524,0.164381,0.315218,0,0.245816,0,0.392841,0.35,0.0211507,0.287812,0,0.771395,0,-8.00279E-06,0.890477,0.717302,0.109523,0.173175,0.392841,0.0211507,0.287812,0.00365172,0.0118463
"FSA Costs Multiplier 1 Fee Shifting Multiplier 1 P More Risk Averse","1.705E-13","1","2","Liability Strength8",0.1002,0,0.100213,0.75,0.955303,0.639476,1,1,0.659161,0.34599,,,0.264921,,,,,0.00548196,0.36159,0.007483,0.881957,10.634,9.1245,19.7585,0.241462,1000,998.904,0.241462,0.153328,0.323368,0.476696,0.111399,0.211181,0,0.241462,0,0.264921,0.35,0.00548196,0.36159,0,0.883605,0,-6.53715E-05,0.955303,0.639476,0.0446969,0.315827,0.264921,0.00548196,0.36159,0.00088335,0.0065999
"FSA Costs Multiplier 1 Fee Shifting Multiplier 1 P More Risk Averse","1.705E-13","1","2","Liability Strength9",0.1102,0,0.110233,0.85,0.984206,0.510686,1,1,0.744115,0.348583,,,0.142791,,,,,0.0010644,0.364115,0.002715,0.948215,10.7429,9.03207,19.775,0.225048,1000,998.769,0.225048,0.106594,0.242899,0.349493,0.0637824,0.120726,0,0.225048,0,0.142791,0.35,0.0010644,0.364115,0,0.944687,0,-9.99377E-05,0.984206,0.510686,0.0157937,0.473521,0.142791,0.0010644,0.364115,0.00014057,0.002574
"FSA Costs Multiplier 1 Fee Shifting Multiplier 1 P More Risk Averse","1.705E-13","1","2","Liability Strength10",0.1159,0,0.115867,0.95,0.995024,0.376645,1,1,0.813959,0.349527,,,0.0647509,,,,,0.000165012,0.310937,0.000793,0.979584,10.8036,8.9904,19.794,0.205988,1000,998.718,0.205988,0.0715201,0.191408,0.262928,0.033668,0.0658715,0,0.205988,0,0.0647509,0.35,0.000165012,0.310937,0,0.974635,0,-0.000104755,0.995024,0.376645,0.00497601,0.618379,0.0647509,0.000165012,0.310937,1.61802E-5,0.0007763
"FSA Costs Multiplier 1 Fee Shifting Multiplier 1 P More Risk Averse","1.705E-13","1","2","PLiabilitySignal1",0.0863,0,0.08626,0.149352,0,0,1,1,,,,,0,,,,,0,0,0,,10,10,20,0,1000,1000,0,0,0.0809518,0.0809518,0,0.0809518,0,0,0,0,,0,0,0,0.0809518,0,-1.88523,0,0,1,0,0,0,0,0,0
"FSA Costs Multiplier 1 Fee Shifting Multiplier 1 P More Risk Averse","1.705E-13","1","2","PLiabilitySignal2",0.102,0,0.10203,0.190383,0,0,1,1,,,,,0,,,,,0,0,0,,10,10,20,0,1000,1000,0,0,0.116849,0.116849,0,0.116849,0,0,0,0,,0,0,0,0.116849,0,-1.15786,0,0,1,0,0,0,0,0,0
"FSA Costs Multiplier 1 Fee Shifting Multiplier 1 P More Risk Averse","1.705E-13","1","2","PLiabilitySignal3",0.1068,0,0.10676,0.250256,0,0,1,1,,,,,0,,,,,0,0,0,,10,10,20,0,1000,1000,0,0,0.178836,0.178836,0,0.178836,0,0,0,0,,0,0,0,0.178836,0,-0.58081,0,0,1,0,0,0,0,0,0
"FSA Costs Multiplier 1 Fee Shifting Multiplier 1 P More Risk Averse","1.705E-13","1","2","PLiabilitySignal4",0.1042,0,0.10421,0.334236,0,0,1,1,,,,,0,,,,,0,0,0,,10,10,20,0,1000,1000,0,0,0.279183,0.279183,0,0.279183,0,0,0,0,,0,0,0,0.279183,0,-0.20768,0,0,1,0,0,0,0,0,0
"FSA Costs Multiplier 1 Fee Shifting Multiplier 1 P More Risk Averse","1.705E-13","1","2","PLiabilitySignal5",0.1008,0,0.10075,0.441376,1,0.90125,1,1,0.35,0.267998,,,0.59878,,,,,0.30247,0,0,,10.1583,9.55649,19.7148,0.285188,1000,999.671,0.285187,0.21378,0.304762,0.518542,0.104172,0.258599,0,0.285187,0,0.59878,0.35,0.30247,0,0,0.42018,0,-0.03883,1,0.90125,0,0.09875,0.59878,0.30247,0,0,0
"FSA Costs Multiplier 1 Fee Shifting Multiplier 1 P More Risk Averse","1.705E-13","1","2","PLiabilitySignal6",0.1008,0,0.10075,0.558629,1,0.82302,1,1,0.35,0.296937,,,0.63956,,,,,0.18346,0,0,,10.2508,9.47572,19.7265,0.273453,1000,999.572,0.273453,0.175549,0.382497,0.558046,0.0939247,0.310136,0,0.273453,0,0.63956,0.35,0.18346,0,0,0.579827,0,0.03874,1,0.82302,0,0.17698,0.63956,0.18346,0,0,0
"FSA Costs Multiplier 1 Fee Shifting Multiplier 1 P More Risk Averse","1.705E-13","1","2","PLiabilitySignal7",0.1042,0,0.10421,0.665769,1,0.72996,1,1,0.35,0.318873,,,0.63167,,,,,0.09829,0,0,,10.3411,9.39938,19.7405,0.259494,1000,999.469,0.259494,0.131848,0.432254,0.564103,0.0774002,0.335937,0,0.259494,0,0.63167,0.35,0.09829,0,0,0.720823,0,0.20759,1,0.72996,0,0.27004,0.63167,0.09829,0,0,0
"FSA Costs Multiplier 1 Fee Shifting Multiplier 1 P More Risk Averse","1.705E-13","1","2","PLiabilitySignal8",0.1068,0,0.10676,0.749734,1,0.64172,1,1,0.789342,0.332815,,,0,,,,,0,0.59252,0.0492,0.444588,10.8137,8.92532,19.739,0.261018,1000,998.485,0.261018,0.262454,0.134181,0.396635,0.228984,0.0408424,0,0.261018,0,0,,0,0.59252,0,0.821151,0,0.58099,1,0.64172,0,0.35828,0,0,0.59252,0.0273263,0.0218737
"FSA Costs Multiplier 1 Fee Shifting Multiplier 1 P More Risk Averse","1.705E-13","1","2","PLiabilitySignal9",0.102,0,0.10203,0.809608,1,0.57018,1,1,0.95,0.340635,,,0,,,,,0,0.54561,0.02457,0.549549,10.836,8.92112,19.7571,0.242898,1000,998.515,0.242898,0.20022,0.137619,0.337839,0.156251,0.0310473,0,0.242898,0,0,,0,0.54561,0,0.88314,0,1.15804,1,0.57018,0,0.42982,0,0,0.54561,0.0110676,0.0135024
"FSA Costs Multiplier 1 Fee Shifting Multiplier 1 P More Risk Averse","1.705E-13","1","2","PLiabilitySignal10",0.0862,0,0.08624,0.850648,1,0.51704,1,1,0.95,0.344739,,,0,,,,,0,0.50415,0.01289,0.649943,10.8447,8.92386,19.7686,0.231423,1000,998.543,0.231423,0.159287,0.140116,0.299403,0.111007,0.0261175,0,0.231423,0,0,,0,0.50415,0,0.919048,0,1.88523,1,0.51704,0,0.48296,0,0,0.50415,0.00451223,0.0083778
"FSA Costs Multiplier 1 Fee Shifting Multiplier 1 P More Risk Averse","1.705E-13","1","2","DLiabilitySignal1",0.0863,0,0.0862637,0.149358,0.165394,0.165394,1,1,0.388492,0.05,,,0,,,,,0.152494,0,0.0129,0.350084,9.97661,9.9699,19.9465,0.0534885,999.999,999.97,0.0534885,0.0243023,0.0834339,0.107736,0.00937515,0.0895357,0,0.0534885,0,0,,0.152494,0,0,0.080957,0,1.88536,0.165394,0.165394,0.834606,0,0,0.152494,0,0.00838423,0.0045162
"FSA Costs Multiplier 1 Fee Shifting Multiplier 1 P More Risk Averse","1.705E-13","1","2","DLiabilitySignal2",0.102,0,0.102029,0.190386,0.216768,0.216768,1,1,0.406766,0.05,,,0,,,,,0.192206,0,0.024563,0.450399,9.97413,9.95347,19.9276,0.0723993,999.999,999.939,0.0723993,0.0338497,0.119059,0.152909,0.0172553,0.13037,0,0.0723993,0,0,,0.192206,0,0,0.116854,0,1.15791,0.216768,0.216768,0.783232,0,0,0.192206,0,0.0134997,0.011063
"FSA Costs Multiplier 1 Fee Shifting Multiplier 1 P More Risk Averse","1.705E-13","1","2","DLiabilitySignal3",0.1068,0,0.106758,0.25026,0.296812,0.296812,1,1,0.434392,0.184161,,,0,,,,,0.247616,0,0.049197,0.555402,9.97706,9.91914,19.8962,0.103803,999.999,999.864,0.103803,0.0516812,0.176602,0.228283,0.0334329,0.197597,0,0.103803,0,0,,0.247616,0,0,0.178843,0,0.580883,0.296812,0.296812,0.703188,0,0,0.247616,0,0.0218728,0.0273239
"FSA Costs Multiplier 1 Fee Shifting Multiplier 1 P More Risk Averse","1.705E-13","1","2","DLiabilitySignal4",0.1042,0,0.104208,0.334228,0.413011,0.413011,1,1,0.473166,0.35,,,0.314724,,,,,0,0.0982865,0,,10.1465,9.72961,19.8761,0.123903,1000,999.735,0.123903,0.14506,0.199975,0.345035,0.0943286,0.172302,0,0.123903,0,0.314724,0.35,0,0.0982865,0,0.279173,0,0.207545,0.413011,0.413011,0.586989,0,0.314724,0,0.0982865,0,0
"FSA Costs Multiplier 1 Fee Shifting Multiplier 1 P More Risk Averse","1.705E-13","1","2","DLiabilitySignal5",0.1008,0,0.100751,0.441373,0.559267,0.559267,1,1,0.522483,0.35,,,0.375806,,,,,0,0.183461,0,,10.2311,9.60112,19.8322,0.16778,1000,999.572,0.16778,0.16966,0.266943,0.436603,0.112555,0.219919,0,0.16778,0,0.375806,0.35,0,0.183461,0,0.420176,0,0.0387763,0.559267,0.559267,0.440733,0,0.375806,0,0.183461,0,0
"FSA Costs Multiplier 1 Fee Shifting Multiplier 1 P More Risk Averse","1.705E-13","1","2","DLiabilitySignal6",0.1008,0,0.10075,0.558621,0.707779,0.707779,1,1,0.577914,0.35,,,0.405319,,,,,0,0.30246,0,,10.3382,9.44951,19.7877,0.212334,1000,999.364,0.212334,0.182354,0.321522,0.503876,0.119861,0.251219,0,0.212334,0,0.405319,0.35,0,0.30246,0,0.579815,0,-0.0388902,0.707779,0.707779,0.292221,0,0.405319,0,0.30246,0,0
"FSA Costs Multiplier 1 Fee Shifting Multiplier 1 P More Risk Averse","1.705E-13","1","2","DLiabilitySignal7",0.1042,0,0.104206,0.665766,0.825784,0.825784,1,1,0.632353,0.35,,,0.393815,,,,,0,0.431969,0,,10.4459,9.30633,19.7523,0.247735,1000,999.15,0.247735,0.18172,0.347404,0.529125,0.113961,0.255718,0,0.247735,0,0.393815,0.35,0,0.431969,0,0.72082,0,-0.207657,0.825784,0.825784,0.174216,0,0.393815,0,0.431969,0,0
"FSA Costs Multiplier 1 Fee Shifting Multiplier 1 P More Risk Averse","1.705E-13","1","2","DLiabilitySignal8",0.1068,0,0.106754,0.749735,0.901572,0.901572,1,1,0.679472,0.35,,,0.356477,,,,,0,0.545095,0,,10.5346,9.1949,19.7295,0.270472,1000,998.973,0.270472,0.174028,0.347178,0.521206,0.100611,0.240008,0,0.270472,0,0.356477,0.35,0,0.545095,0,0.821152,0,-0.580993,0.901572,0.901572,0.0984283,0,0.356477,0,0.545095,0,0
"FSA Costs Multiplier 1 Fee Shifting Multiplier 1 P More Risk Averse","1.705E-13","1","2","DLiabilitySignal9",0.102,0,0.102024,0.80961,0.944027,0,1,1,,,,,0,,,,,0,0,0,,10.8024,9.05597,19.8584,0.141604,1000,998.875,0.141604,0.0960835,0.162391,0.258475,0.0960835,0.0542787,0,0.141604,0,0,,0,0,0,0.883143,0,-1.15802,0.944027,0,0.0559732,0.944027,0,0,0,0,0
"FSA Costs Multiplier 1 Fee Shifting Multiplier 1 P More Risk Averse","1.705E-13","1","2","DLiabilitySignal10",0.0863,0,0.0862547,0.850647,0.966463,0,1,1,,,,,0,,,,,0,0,0,,10.8215,9.03354,19.855,0.144969,1000,998.848,0.144969,0.0716786,0.158484,0.230162,0.0716786,0.0443987,0,0.144969,0,0,,0,0,0,0.91905,0,-1.88533,0.966463,0,0.0335375,0.966463,0,0,0,0,0
"FSA Costs Multiplier 1 Fee Shifting Multiplier 1 P More Risk Averse","1.705E-13","1","2","MutOptLiability5",0.0266,0,0.0266096,0.499977,1,1,1,1,0.718275,0.176461,,,0,,,,,0.333353,0.333268,0.333379,0.499982,10.2999,9.30005,19.6,0.400014,999.995,998.688,0.400014,0.326047,0.22377,0.549817,0.306368,0.262279,0,0.400014,0,0,,0.333353,0.333268,0,0.499967,0,5.48955,1,1,0,0,0,0.333353,0.333268,0.166696,0.166684
"FSA Costs Multiplier 1 Fee Shifting Multiplier 1 P More Risk Averse","1.705E-13","1","2","MutOptLiability4",0.0376,0,0.0376172,0.499986,1,1,1,1,0.627543,0.218738,,,0,,,,,0.500016,0.499984,0,,10.35,9.35002,19.7,0.3,1000,999.13,0.3,0.250361,0.193067,0.443428,0.173336,0.164741,0,0.3,0,0,,0.500016,0.499984,0,0.499983,0,4,1,1,0,0,0,0.500016,0.499984,0,0
"FSA Costs Multiplier 1 Fee Shifting Multiplier 1 P More Risk Averse","1.705E-13","1","2","MutOptLiability3",0.0707,0,0.0707201,0.499992,0.822849,0.822849,1,1,0.650227,0.272363,,,0.111872,,,,,0.266919,0.444058,0,,10.3598,9.39336,19.7531,0.246855,1000,999.203,0.246855,0.203849,0.187458,0.391306,0.130711,0.142632,0,0.246855,0,0.111872,0.35,0.266919,0.444058,0,0.499991,0,3,0.822849,0.822849,0.177151,0,0.111872,0.266919,0.444058,0,0
"FSA Costs Multiplier 1 Fee Shifting Multiplier 1 P More Risk Averse","1.705E-13","1","2","MutOptLiability2",0.114,0,0.114034,0.499985,0.706937,0.706937,1,1,0.667606,0.323989,,,0.192154,,,,,0.11088,0.403903,0,,10.3651,9.4228,19.7879,0.212081,1000,999.255,0.212081,0.175167,0.186995,0.362162,0.104913,0.131406,0,0.212081,0,0.192154,0.35,0.11088,0.403903,0,0.499983,0,2,0.706937,0.706937,0.293063,0,0.192154,0.11088,0.403903,0,0
"FSA Costs Multiplier 1 Fee Shifting Multiplier 1 P More Risk Averse","1.705E-13","1","2","MutOptLiability1",0.1576,0,0.157624,0.499989,0.629312,0.495425,1,1,0.602033,0.35,,,0.258651,,,,,0,0.236775,0,,10.3668,9.4645,19.8313,0.168711,1000,999.361,0.168711,0.137948,0.191164,0.329112,0.0844787,0.128028,0,0.168711,0,0.258651,0.35,0,0.236775,0,0.499988,0,1,0.629312,0.495425,0.370688,0.133887,0.258651,0,0.236775,0,0
"FSA Costs Multiplier 1 Fee Shifting Multiplier 1 P More Risk Averse","1.705E-13","1","2","MutOptLiability0",0.1868,0,0.186778,0.49999,0.574922,0.343127,1,1,0.486719,0.35,,,0.236349,,,,,0,0.106778,0,,10.3351,9.52724,19.8623,0.137707,1000,999.469,0.137707,0.0906112,0.206974,0.297585,0.0572406,0.144639,0,0.137707,0,0.236349,0.35,0,0.106778,0,0.499988,0,0,0.574922,0.343127,0.425078,0.231795,0.236349,0,0.106778,0,0
"FSA Costs Multiplier 1 Fee Shifting Multiplier 1 P More Risk Averse","1.705E-13","1","2","MutOptLiability-1",0.1576,0,0.157627,0.499994,0.540942,0.277336,1,1,0.35,0.35,,,0.277336,,,,,0,0,0,,10.2795,9.59773,19.8773,0.122742,1000,999.597,0.122742,0.0628322,0.25441,0.317242,0.0412133,0.192761,0,0.122742,0,0.277336,0.35,0,0,0,0.499993,0,-1,0.540942,0.277336,0.459058,0.263607,0.277336,0,0,0,0
"FSA Costs Multiplier 1 Fee Shifting Multiplier 1 P More Risk Averse","1.705E-13","1","2","MutOptLiability-2",0.114,0,0.114036,0.499995,0.499988,0.206949,1,1,0.35,0.35,,,0.206949,,,,,0,0,0,,10.2905,9.60349,19.894,0.106041,1000,999.584,0.106041,0.0601914,0.246242,0.306433,0.0441457,0.18962,0,0.106041,0,0.206949,0.35,0,0,0,0.499994,0,-2,0.499988,0.206949,0.500012,0.293039,0.206949,0,0,0,0
"FSA Costs Multiplier 1 Fee Shifting Multiplier 1 P More Risk Averse","1.705E-13","1","2","MutOptLiability-3",0.0707,0,0.070724,0.499999,0.44406,0.120688,1,1,0.35,0.35,,,0.120688,,,,,0,0,0,,10.299,9.61628,19.9153,0.0847122,1000,999.576,0.0847122,0.0598785,0.243487,0.303365,0.0505404,0.194177,0,0.0847122,0,0.120688,0.35,0,0,0,0.499998,0,-3,0.44406,0.120688,0.55594,0.323372,0.120688,0,0,0,0
"FSA Costs Multiplier 1 Fee Shifting Multiplier 1 P More Risk Averse","1.705E-13","1","2","MutOptLiability-4",0.0376,0,0.0376199,0.500008,0.360312,0,1,1,,,,,0,,,,,0,0,0,,10.3063,9.63969,19.946,0.0540468,1000,999.57,0.0540468,0.0620501,0.246488,0.308538,0.0620501,0.208459,0,0.0540468,0,0,,0,0,0,0.50001,0,-4,0.360312,0,0.639688,0.360312,0,0,0,0,0
"FSA Costs Multiplier 1 Fee Shifting Multiplier 1 P More Risk Averse","1.705E-13","1","2","MutOptLiability-5",0.0266,0,0.0266091,0.500012,0.145962,0,1,1,,,,,0,,,,,0,0,0,,10.1241,9.85404,19.9781,0.0218943,1000,999.826,0.0218943,0.0247766,0.397008,0.421785,0.0247766,0.381557,0,0.0218943,0,0,,0,0,0,0.500016,0,-5.48925,0.145962,0,0.854038,0.145962,0,0,0,0,0
"FSA Costs Multiplier 1 Fee Shifting Multiplier 1 P More Risk Averse","1.705E-13","1","2","Truly Liable MutOptLiability5",0.0133,0,0.013304,0.640605,1,1,1,1,0.828767,0.232893,,,0,,,,,0.155104,0.511507,0.333389,0.639172,10.5524,9.04755,19.6,0.400017,999.998,998.198,0.400017,0.204582,0.447569,0.652151,0.0882224,0.524592,0,0.400017,0,0,,0.155104,0.511507,0,1,0,5.48952,1,1,0,0,0,0.155104,0.511507,0.120296,0.213093
"FSA Costs Multiplier 1 Fee Shifting Multiplier 1 P More Risk Averse","1.705E-13","1","2","Truly Liable MutOptLiability4",0.0188,0,0.0188079,0.676362,1,1,1,1,0.781418,0.294187,,,0,,,,,0.236148,0.763852,0,,10.6139,9.08615,19.7,0.3,1000,998.706,0.3,0.114578,0.386148,0.500726,0.0171867,0.329493,0,0.3,0,0,,0.236148,0.763852,0,1,0,4,1,1,0,0,0,0.236148,0.763852,0,0
"FSA Costs Multiplier 1 Fee Shifting Multiplier 1 P More Risk Averse","1.705E-13","1","2","Truly Liable MutOptLiability3",0.0354,0,0.0353594,0.700226,0.967236,0.967236,1,1,0.775772,0.321793,,,0.111874,,,,,0.124354,0.731008,0,,10.6251,9.08475,19.7098,0.290171,1000,998.732,0.290171,0.109651,0.374922,0.484573,0.0164477,0.285269,0,0.290171,0,0.111874,0.35,0.124354,0.731008,0,1,0,3,0.967236,0.967236,0.0327637,0,0.111874,0.124354,0.731008,0,0
"FSA Costs Multiplier 1 Fee Shifting Multiplier 1 P More Risk Averse","1.705E-13","1","2","Truly Liable MutOptLiability2",0.057,0,0.0570152,0.721566,0.943794,0.943794,1,1,0.766193,0.340982,,,0.192163,,,,,0.0513229,0.700309,0,,10.626,9.09087,19.7169,0.283138,1000,998.762,0.283138,0.105046,0.374004,0.47905,0.0157569,0.262821,0,0.283138,0,0.192163,0.35,0.0513229,0.700309,0,1,0,2,0.943794,0.943794,0.0562058,0,0.192163,0.0513229,0.700309,0,0
"FSA Costs Multiplier 1 Fee Shifting Multiplier 1 P More Risk Averse","1.705E-13","1","2","Truly Liable MutOptLiability1",0.0788,0,0.0788101,0.739391,0.924459,0.671877,1,1,0.676501,0.35,,,0.258657,,,,,0,0.41322,0,,10.6177,9.14289,19.7605,0.23945,1000,998.924,0.23945,0.0619829,0.382337,0.44432,0.00929744,0.256062,0,0.23945,0,0.258657,0.35,0,0.41322,0,1,0,1,0.924459,0.671877,0.0755414,0.252582,0.258657,0,0.41322,0,0
"FSA Costs Multiplier 1 Fee Shifting Multiplier 1 P More Risk Averse","1.705E-13","1","2","Truly Liable MutOptLiability0",0.0934,0,0.0933871,0.753321,0.905727,0.46983,1,1,0.524886,0.35,,,0.282808,,,,,0,0.187022,0,,10.586,9.20762,19.7937,0.206334,1000,999.077,0.206334,0.0280533,0.413957,0.44201,0.004208,0.289285,0,0.206334,0,0.282808,0.35,0,0.187022,0,1,0,0,0.905727,0.46983,0.0942726,0.435897,0.282808,0,0.187022,0,0
"FSA Costs Multiplier 1 Fee Shifting Multiplier 1 P More Risk Averse","1.705E-13","1","2","Truly Liable MutOptLiability-1",0.0788,0,0.0788123,0.739395,0.869757,0.381725,1,1,0.35,0.35,,,0.381725,,,,,0,0,0,,10.4912,9.32111,19.8123,0.187722,1000,999.296,0.187722,0,0.508828,0.508828,0,0.385528,0,0.187722,0,0.381725,0.35,0,0,0,1,0,-1,0.869757,0.381725,0.130243,0.488032,0.381725,0,0,0,0
"FSA Costs Multiplier 1 Fee Shifting Multiplier 1 P More Risk Averse","1.705E-13","1","2","Truly Liable MutOptLiability-2",0.057,0,0.0570174,0.721573,0.815421,0.285536,1,1,0.35,0.35,,,0.285536,,,,,0,0,0,,10.5075,9.32735,19.8349,0.165144,1000,999.277,0.165144,0,0.49249,0.49249,0,0.379244,0,0.165144,0,0.285536,0.35,0,0,0,1,0,-2,0.815421,0.285536,0.184579,0.529885,0.285536,0,0,0,0
"FSA Costs Multiplier 1 Fee Shifting Multiplier 1 P More Risk Averse","1.705E-13","1","2","Truly Liable MutOptLiability-3",0.0354,0,0.0353619,0.700235,0.731013,0.166672,1,1,0.35,0.35,,,0.166672,,,,,0,0,0,,10.513,9.35232,19.8653,0.134653,1000,999.274,0.134653,0,0.486976,0.486976,0,0.388355,0,0.134653,0,0.166672,0.35,0,0,0,1,0,-3,0.731013,0.166672,0.268987,0.564341,0.166672,0,0,0,0
"FSA Costs Multiplier 1 Fee Shifting Multiplier 1 P More Risk Averse","1.705E-13","1","2","Truly Liable MutOptLiability-4",0.0188,0,0.0188103,0.67638,0.596512,0,1,1,,,,,0,,,,,0,0,0,,10.507,9.40349,19.9105,0.0894767,1000,999.289,0.0894767,0,0.492965,0.492965,0,0.41691,0,0.0894767,0,0,,0,0,0,1,0,-4,0.596512,0,0.403488,0.596512,0,0,0,0,0
"FSA Costs Multiplier 1 Fee Shifting Multiplier 1 P More Risk Averse","1.705E-13","1","2","Truly Liable MutOptLiability-5",0.0133,0,0.013305,0.640638,0.242363,0,1,1,,,,,0,,,,,0,0,0,,10.206,9.75764,19.9636,0.0363544,1000,999.711,0.0363544,0,0.793992,0.793992,0,0.76309,0,0.0363544,0,0,,0,0,0,1,0,-5.48919,0.242363,0,0.757637,0.242363,0,0,0,0,0
"FSA Costs Multiplier 1 Fee Shifting Multiplier 1 P More Risk Averse","1.705E-13","1","2","Truly Not Liable MutOptLiability5",0.0133,0,0.0133057,0.359367,1,1,1,1,0.607798,0.120036,,,0,,,,,0.511578,0.155052,0.33337,0.360802,10.0475,9.5525,19.6,0.400011,999.992,999.179,0.400011,0.447496,0,0.447496,0.524485,0,0,0.400011,0,0,,0.511578,0.155052,0,0,0,5.48957,1,1,0,0,0,0.511578,0.155052,0.213089,0.12028
"FSA Costs Multiplier 1 Fee Shifting Multiplier 1 P More Risk Averse","1.705E-13","1","2","Truly Not Liable MutOptLiability4",0.0188,0,0.0188092,0.323622,1,1,1,1,0.47368,0.143294,,,0,,,,,0.763866,0.236134,0,,10.0861,9.61387,19.7,0.3,999.999,999.555,0.3,0.386134,0,0.386134,0.329474,0,0,0.3,0,0,,0.763866,0.236134,0,0,0,4,1,1,0,0,0,0.763866,0.236134,0,0
"FSA Costs Multiplier 1 Fee Shifting Multiplier 1 P More Risk Averse","1.705E-13","1","2","Truly Not Liable MutOptLiability3",0.0354,0,0.0353607,0.299765,0.678467,0.678467,1,1,0.471254,0.201899,,,0.11187,,,,,0.409479,0.157118,0,,10.0945,9.70196,19.7965,0.20354,1000,999.674,0.20354,0.298043,0,0.298043,0.244969,0,0,0.20354,0,0.11187,0.35,0.409479,0.157118,0,0,0,3,0.678467,0.678467,0.321533,0,0.11187,0.409479,0.157118,0,0
"FSA Costs Multiplier 1 Fee Shifting Multiplier 1 P More Risk Averse","1.705E-13","1","2","Truly Not Liable MutOptLiability2",0.057,0,0.0570191,0.27842,0.470096,0.470096,1,1,0.469688,0.289875,,,0.192146,,,,,0.170433,0.107517,0,,10.1043,9.75472,19.859,0.141029,1000,999.747,0.141029,0.245282,0,0.245282,0.194062,0,0,0.141029,0,0.192146,0.35,0.170433,0.107517,0,0,0,2,0.470096,0.470096,0.529904,0,0.192146,0.170433,0.107517,0,0
"FSA Costs Multiplier 1 Fee Shifting Multiplier 1 P More Risk Averse","1.705E-13","1","2","Truly Not Liable MutOptLiability1",0.0788,0,0.0788139,0.260599,0.33418,0.318983,1,1,0.445188,0.35,,,0.258644,,,,,0,0.0603386,0,,10.1159,9.78609,19.902,0.0979745,1000,999.798,0.0979745,0.213909,0,0.213909,0.159656,0,0,0.0979745,0,0.258644,0.35,0,0.0603386,0,0,0,1,0.33418,0.318983,0.66582,0.0151975,0.258644,0,0.0603386,0,0
"FSA Costs Multiplier 1 Fee Shifting Multiplier 1 P More Risk Averse","1.705E-13","1","2","Truly Not Liable MutOptLiability0",0.0934,0,0.0933914,0.24667,0.244132,0.21643,1,1,0.40387,0.35,,,0.189893,,,,,0,0.0265377,0,,10.0841,9.84683,19.9309,0.0690843,1000,999.862,0.0690843,0.153166,0,0.153166,0.110271,0,0,0.0690843,0,0.189893,0.35,0,0.0265377,0,0,0,0,0.244132,0.21643,0.755868,0.0277015,0.189893,0,0.0265377,0,0
"FSA Costs Multiplier 1 Fee Shifting Multiplier 1 P More Risk Averse","1.705E-13","1","2","Truly Not Liable MutOptLiability-1",0.0788,0,0.0788146,0.2606,0.212137,0.172949,1,1,0.35,0.35,,,0.172949,,,,,0,0,0,,10.0679,9.87434,19.9422,0.057763,1000,999.898,0.057763,0.125663,0,0.125663,0.0824253,0,0,0.057763,0,0.172949,0.35,0,0,0,0,0,-1,0.212137,0.172949,0.787863,0.039188,0.172949,0,0,0,0
"FSA Costs Multiplier 1 Fee Shifting Multiplier 1 P More Risk Averse","1.705E-13","1","2","Truly Not Liable MutOptLiability-2",0.057,0,0.0570189,0.278423,0.184563,0.128363,1,1,0.35,0.35,,,0.128363,,,,,0,0,0,,10.0734,9.87962,19.9531,0.0469389,1000,999.892,0.0469389,0.120381,0,0.120381,0.0882903,0,0,0.0469389,0,0.128363,0.35,0,0,0,0,0,-2,0.184563,0.128363,0.815437,0.0561995,0.128363,0,0,0,0
"FSA Costs Multiplier 1 Fee Shifting Multiplier 1 P More Risk Averse","1.705E-13","1","2","Truly Not Liable MutOptLiability-3",0.0354,0,0.0353621,0.299764,0.157109,0.0747041,1,1,0.35,0.35,,,0.0747041,,,,,0,0,0,,10.085,9.88024,19.9652,0.0347719,1000,999.878,0.0347719,0.119757,0,0.119757,0.10108,0,0,0.0347719,0,0.0747041,0.35,0,0,0,0,0,-3,0.157109,0.0747041,0.842891,0.0824045,0.0747041,0,0,0,0
"FSA Costs Multiplier 1 Fee Shifting Multiplier 1 P More Risk Averse","1.705E-13","1","2","Truly Not Liable MutOptLiability-4",0.0188,0,0.0188096,0.323629,0.124103,0,1,1,,,,,0,,,,,0,0,0,,10.1055,9.8759,19.9814,0.0186154,1000,999.852,0.0186154,0.124103,0,0.124103,0.124103,0,0,0.0186154,0,0,,0,0,0,0,0,-4,0.124103,0,0.875897,0.124103,0,0,0,0,0
"FSA Costs Multiplier 1 Fee Shifting Multiplier 1 P More Risk Averse","1.705E-13","1","2","Truly Not Liable MutOptLiability-5",0.0133,0,0.0133041,0.359378,0.0495547,0,1,1,,,,,0,,,,,0,0,0,,10.0421,9.95045,19.9926,0.00743321,1000,999.941,0.00743321,0.0495547,0,0.0495547,0.0495547,0,0,0.00743321,0,0,,0,0,0,0,0,-5.48931,0.0495547,0,0.950445,0.0495547,0,0,0,0,0
"FSA Costs Multiplier 1 Fee Shifting Multiplier 1 P More Risk Averse","1.705E-13","1","2","High Quality",0.3263,0,0.326313,0.854797,0.979171,0.502643,1,1,0.729506,0.347821,,,0.152588,,,,,0.00210172,0.344457,0.003497,0.907191,10.731,9.04566,19.7767,0.223321,1000,998.792,0.223321,0.108492,0.249328,0.357821,0.0677129,0.129028,0,0.223321,0,0.152588,0.35,0.00210172,0.344457,0,0.936562,0,-9.10326E-05,0.979171,0.502643,0.020829,0.476528,0.152588,0.00210172,0.344457,0.00032452,0.0031721
"FSA Costs Multiplier 1 Fee Shifting Multiplier 1 P More Risk Averse","1.705E-13","1","2","High Quality Liable MutOptLiability5",0.0057,0,0.00566071,0.816908,1,1,1,1,0.92899,0.306087,,,0,,,,,0.0152278,0.78321,0.201562,0.907191,10.8351,8.80446,19.6395,0.360469,1000,997.885,0.360469,0.304734,0.150844,0.455578,0.199074,0.0771108,0,0.360469,0,0,,0.0152278,0.78321,0,0.919125,0,5.39103,1,1,0,0,0,0.0152278,0.78321,0.0187069,0.182855
"FSA Costs Multiplier 1 Fee Shifting Multiplier 1 P More Risk Averse","1.705E-13","1","2","High Quality Liable MutOptLiability4",0.0101,0,0.0100852,0.832173,1,1,1,1,0.914124,0.344209,,,0,,,,,0.0311118,0.968888,0,,10.8189,8.88111,19.7,0.3,1000,998.376,0.3,0.216269,0.16691,0.383179,0.113471,0.0571829,0,0.3,0,0,,0.0311118,0.968888,0,0.92638,0,4,1,1,0,0,0,0.0311118,0.968888,0,0
"FSA Costs Multiplier 1 Fee Shifting Multiplier 1 P More Risk Averse","1.705E-13","1","2","High Quality Liable MutOptLiability3",0.0213,0,0.0212779,0.842878,0.999913,0.999913,1,1,0.898287,0.34833,,,0.0407175,,,,,0.00921509,0.949981,0,,10.8142,8.88578,19.7,0.299974,1000,998.396,0.299974,0.208402,0.171926,0.380328,0.105313,0.0544749,0,0.299974,0,0.0407175,0.35,0.00921509,0.949981,0,0.931303,0,3,0.999913,0.999913,8.66842E-05,0,0.0407175,0.00921509,0.949981,0,0
"FSA Costs Multiplier 1 Fee Shifting Multiplier 1 P More Risk Averse","1.705E-13","1","2","High Quality Liable MutOptLiability2",0.0374,0,0.0373617,0.85262,0.999736,0.999736,1,1,0.876817,0.349601,,,0.0751519,,,,,0.00240277,0.922181,0,,10.7985,8.90156,19.7001,0.299921,1000,998.432,0.299921,0.198891,0.186985,0.385876,0.0966301,0.0661452,0,0.299921,0,0.0751519,0.35,0.00240277,0.922181,0,0.93568,0,2,0.999736,0.999736,0.000264338,0,0.0751519,0.00240277,0.922181,0,0
"FSA Costs Multiplier 1 Fee Shifting Multiplier 1 P More Risk Averse","1.705E-13","1","2","High Quality Liable MutOptLiability1",0.0549,0,0.0548733,0.860981,0.999273,0.632137,1,1,0.789395,0.35,,,0.116597,,,,,0,0.51554,0,,10.7736,8.98169,19.7553,0.244712,1000,998.662,0.244712,0.132705,0.21049,0.343195,0.0742792,0.0873533,0,0.244712,0,0.116597,0.35,0,0.51554,0,0.939353,0,1,0.999273,0.632137,0.000726885,0.367136,0.116597,0,0.51554,0,0
"FSA Costs Multiplier 1 Fee Shifting Multiplier 1 P More Risk Averse","1.705E-13","1","2","High Quality Liable MutOptLiability0",0.0678,0,0.0677849,0.867724,0.998121,0.394441,1,1,0.600401,0.35,,,0.169631,,,,,0,0.22481,0,,10.7381,9.05297,19.7911,0.208884,1000,998.85,0.208884,0.0841483,0.243776,0.327925,0.0563514,0.118802,0,0.208884,0,0.169631,0.35,0,0.22481,0,0.942258,0,0,0.998121,0.394441,0.00187888,0.60368,0.169631,0,0.22481,0,0
"FSA Costs Multiplier 1 Fee Shifting Multiplier 1 P More Risk Averse","1.705E-13","1","2","High Quality Liable MutOptLiability-1",0.0549,0,0.0548755,0.860983,0.994109,0.307888,1,1,0.35,0.35,,,0.307888,,,,,0,0,0,,10.6449,9.15984,19.8047,0.1953,1000,999.083,0.1953,0.0479667,0.329832,0.377799,0.041935,0.201515,0,0.1953,0,0.307888,0.35,0,0,0,0.939354,0,-1,0.994109,0.307888,0.00589116,0.686221,0.307888,0,0,0,0
"FSA Costs Multiplier 1 Fee Shifting Multiplier 1 P More Risk Averse","1.705E-13","1","2","High Quality Liable MutOptLiability-2",0.0374,0,0.037364,0.852623,0.982469,0.226023,1,1,0.35,0.35,,,0.226023,,,,,0,0,0,,10.6882,9.13054,19.8187,0.181274,1000,999.026,0.181274,0.0531835,0.288493,0.341677,0.0485056,0.164464,0,0.181274,0,0.226023,0.35,0,0,0,0.935681,0,-2,0.982469,0.226023,0.0175314,0.756446,0.226023,0,0,0,0
"FSA Costs Multiplier 1 Fee Shifting Multiplier 1 P More Risk Averse","1.705E-13","1","2","High Quality Liable MutOptLiability-3",0.0213,0,0.0212802,0.842882,0.949985,0.135345,1,1,0.35,0.35,,,0.135345,,,,,0,0,0,,10.7195,9.11769,19.8372,0.1628,1000,998.986,0.1628,0.0579767,0.258454,0.316431,0.0550679,0.141444,0,0.1628,0,0.135345,0.35,0,0,0,0.931305,0,-3,0.949985,0.135345,0.0500148,0.81464,0.135345,0,0,0,0
"FSA Costs Multiplier 1 Fee Shifting Multiplier 1 P More Risk Averse","1.705E-13","1","2","High Quality Liable MutOptLiability-4",0.0101,0,0.0100873,0.832178,0.861808,0,1,1,,,,,0,,,,,0,0,0,,10.7325,9.13819,19.8707,0.129271,1000,998.973,0.129271,0.0606459,0.245395,0.306041,0.0606459,0.143246,0,0.129271,0,0,,0,0,0,0.926382,0,-4,0.861808,0,0.138192,0.861808,0,0,0,0,0
"FSA Costs Multiplier 1 Fee Shifting Multiplier 1 P More Risk Averse","1.705E-13","1","2","High Quality Liable MutOptLiability-5",0.0057,0,0.00566232,0.816915,0.438187,0,1,1,,,,,0,,,,,0,0,0,,10.3725,9.56181,19.9343,0.065728,1000,999.478,0.065728,0.0318461,0.573739,0.605585,0.0318461,0.521931,0,0.065728,0,0,,0,0,0,0.919129,0,-5.39076,0.438187,0,0.561813,0.438187,0,0,0,0,0
"FSA Costs Multiplier 1 Fee Shifting Multiplier 1 P More Risk Averse","1.705E-13","1","2","PLiabilitySignal 1",0.0863,0,0.08626,0.149352,0,0,1,1,,,,,0,,,,,0,0,0,,10,10,20,0,1000,1000,0,0,0.0809518,0.0809518,0,0.0809518,0,0,0,0,,0,0,0,0.0809518,0,-1.88523,0,0,1,0,0,0,0,0,0
"FSA Costs Multiplier 1 Fee Shifting Multiplier 1 P More Risk Averse","1.705E-13","1","2","PLiabilitySignal 2",0.102,0,0.10203,0.190383,0,0,1,1,,,,,0,,,,,0,0,0,,10,10,20,0,1000,1000,0,0,0.116849,0.116849,0,0.116849,0,0,0,0,,0,0,0,0.116849,0,-1.15786,0,0,1,0,0,0,0,0,0
"FSA Costs Multiplier 1 Fee Shifting Multiplier 1 P More Risk Averse","1.705E-13","1","2","PLiabilitySignal 3",0.1068,0,0.10676,0.250256,0,0,1,1,,,,,0,,,,,0,0,0,,10,10,20,0,1000,1000,0,0,0.178836,0.178836,0,0.178836,0,0,0,0,,0,0,0,0.178836,0,-0.58081,0,0,1,0,0,0,0,0,0
"FSA Costs Multiplier 1 Fee Shifting Multiplier 1 P More Risk Averse","1.705E-13","1","2","PLiabilitySignal 4",0.1042,0,0.10421,0.334236,0,0,1,1,,,,,0,,,,,0,0,0,,10,10,20,0,1000,1000,0,0,0.279183,0.279183,0,0.279183,0,0,0,0,,0,0,0,0.279183,0,-0.20768,0,0,1,0,0,0,0,0,0
"FSA Costs Multiplier 1 Fee Shifting Multiplier 1 P More Risk Averse","1.705E-13","1","2","PLiabilitySignal 5",0.1008,0,0.10075,0.441376,1,0.90125,1,1,0.35,0.267998,,,0.59878,,,,,0.30247,0,0,,10.1583,9.55649,19.7148,0.285188,1000,999.671,0.285187,0.21378,0.304762,0.518542,0.104172,0.258599,0,0.285187,0,0.59878,0.35,0.30247,0,0,0.42018,0,-0.03883,1,0.90125,0,0.09875,0.59878,0.30247,0,0,0
"FSA Costs Multiplier 1 Fee Shifting Multiplier 1 P More Risk Averse","1.705E-13","1","2","PLiabilitySignal 6",0.1008,0,0.10075,0.558629,1,0.82302,1,1,0.35,0.296937,,,0.63956,,,,,0.18346,0,0,,10.2508,9.47572,19.7265,0.273453,1000,999.572,0.273453,0.175549,0.382497,0.558046,0.0939247,0.310136,0,0.273453,0,0.63956,0.35,0.18346,0,0,0.579827,0,0.03874,1,0.82302,0,0.17698,0.63956,0.18346,0,0,0
"FSA Costs Multiplier 1 Fee Shifting Multiplier 1 P More Risk Averse","1.705E-13","1","2","PLiabilitySignal 7",0.1042,0,0.10421,0.665769,1,0.72996,1,1,0.35,0.318873,,,0.63167,,,,,0.09829,0,0,,10.3411,9.39938,19.7405,0.259494,1000,999.469,0.259494,0.131848,0.432254,0.564103,0.0774002,0.335937,0,0.259494,0,0.63167,0.35,0.09829,0,0,0.720823,0,0.20759,1,0.72996,0,0.27004,0.63167,0.09829,0,0,0
"FSA Costs Multiplier 1 Fee Shifting Multiplier 1 P More Risk Averse","1.705E-13","1","2","PLiabilitySignal 8",0.1068,0,0.10676,0.749734,1,0.64172,1,1,0.789342,0.332815,,,0,,,,,0,0.59252,0.0492,0.444588,10.8137,8.92532,19.739,0.261018,1000,998.485,0.261018,0.262454,0.134181,0.396635,0.228984,0.0408424,0,0.261018,0,0,,0,0.59252,0,0.821151,0,0.58099,1,0.64172,0,0.35828,0,0,0.59252,0.0273263,0.0218737
"FSA Costs Multiplier 1 Fee Shifting Multiplier 1 P More Risk Averse","1.705E-13","1","2","PLiabilitySignal 9",0.102,0,0.10203,0.809608,1,0.57018,1,1,0.95,0.340635,,,0,,,,,0,0.54561,0.02457,0.549549,10.836,8.92112,19.7571,0.242898,1000,998.515,0.242898,0.20022,0.137619,0.337839,0.156251,0.0310473,0,0.242898,0,0,,0,0.54561,0,0.88314,0,1.15804,1,0.57018,0,0.42982,0,0,0.54561,0.0110676,0.0135024
"FSA Costs Multiplier 1 Fee Shifting Multiplier 1 P More Risk Averse","1.705E-13","1","2","PLiabilitySignal 10",0.0862,0,0.08624,0.850648,1,0.51704,1,1,0.95,0.344739,,,0,,,,,0,0.50415,0.01289,0.649943,10.8447,8.92386,19.7686,0.231423,1000,998.543,0.231423,0.159287,0.140116,0.299403,0.111007,0.0261175,0,0.231423,0,0,,0,0.50415,0,0.919048,0,1.88523,1,0.51704,0,0.48296,0,0,0.50415,0.00451223,0.0083778
"FSA Costs Multiplier 1 Fee Shifting Multiplier 1 P More Risk Averse","1.705E-13","1","2","DLiabilitySignal 1",0.0863,0,0.0862637,0.149358,0.165394,0.165394,1,1,0.388492,0.05,,,0,,,,,0.152494,0,0.0129,0.350084,9.97661,9.9699,19.9465,0.0534885,999.999,999.97,0.0534885,0.0243023,0.0834339,0.107736,0.00937515,0.0895357,0,0.0534885,0,0,,0.152494,0,0,0.080957,0,1.88536,0.165394,0.165394,0.834606,0,0,0.152494,0,0.00838423,0.0045162
"FSA Costs Multiplier 1 Fee Shifting Multiplier 1 P More Risk Averse","1.705E-13","1","2","DLiabilitySignal 2",0.102,0,0.102029,0.190386,0.216768,0.216768,1,1,0.406766,0.05,,,0,,,,,0.192206,0,0.024563,0.450399,9.97413,9.95347,19.9276,0.0723993,999.999,999.939,0.0723993,0.0338497,0.119059,0.152909,0.0172553,0.13037,0,0.0723993,0,0,,0.192206,0,0,0.116854,0,1.15791,0.216768,0.216768,0.783232,0,0,0.192206,0,0.0134997,0.011063
"FSA Costs Multiplier 1 Fee Shifting Multiplier 1 P More Risk Averse","1.705E-13","1","2","DLiabilitySignal 3",0.1068,0,0.106758,0.25026,0.296812,0.296812,1,1,0.434392,0.184161,,,0,,,,,0.247616,0,0.049197,0.555402,9.97706,9.91914,19.8962,0.103803,999.999,999.864,0.103803,0.0516812,0.176602,0.228283,0.0334329,0.197597,0,0.103803,0,0,,0.247616,0,0,0.178843,0,0.580883,0.296812,0.296812,0.703188,0,0,0.247616,0,0.0218728,0.0273239
"FSA Costs Multiplier 1 Fee Shifting Multiplier 1 P More Risk Averse","1.705E-13","1","2","DLiabilitySignal 4",0.1042,0,0.104208,0.334228,0.413011,0.413011,1,1,0.473166,0.35,,,0.314724,,,,,0,0.0982865,0,,10.1465,9.72961,19.8761,0.123903,1000,999.735,0.123903,0.14506,0.199975,0.345035,0.0943286,0.172302,0,0.123903,0,0.314724,0.35,0,0.0982865,0,0.279173,0,0.207545,0.413011,0.413011,0.586989,0,0.314724,0,0.0982865,0,0
"FSA Costs Multiplier 1 Fee Shifting Multiplier 1 P More Risk Averse","1.705E-13","1","2","DLiabilitySignal 5",0.1008,0,0.100751,0.441373,0.559267,0.559267,1,1,0.522483,0.35,,,0.375806,,,,,0,0.183461,0,,10.2311,9.60112,19.8322,0.16778,1000,999.572,0.16778,0.16966,0.266943,0.436603,0.112555,0.219919,0,0.16778,0,0.375806,0.35,0,0.183461,0,0.420176,0,0.0387763,0.559267,0.559267,0.440733,0,0.375806,0,0.183461,0,0
"FSA Costs Multiplier 1 Fee Shifting Multiplier 1 P More Risk Averse","1.705E-13","1","2","DLiabilitySignal 6",0.1008,0,0.10075,0.558621,0.707779,0.707779,1,1,0.577914,0.35,,,0.405319,,,,,0,0.30246,0,,10.3382,9.44951,19.7877,0.212334,1000,999.364,0.212334,0.182354,0.321522,0.503876,0.119861,0.251219,0,0.212334,0,0.405319,0.35,0,0.30246,0,0.579815,0,-0.0388902,0.707779,0.707779,0.292221,0,0.405319,0,0.30246,0,0
"FSA Costs Multiplier 1 Fee Shifting Multiplier 1 P More Risk Averse","1.705E-13","1","2","DLiabilitySignal 7",0.1042,0,0.104206,0.665766,0.825784,0.825784,1,1,0.632353,0.35,,,0.393815,,,,,0,0.431969,0,,10.4459,9.30633,19.7523,0.247735,1000,999.15,0.247735,0.18172,0.347404,0.529125,0.113961,0.255718,0,0.247735,0,0.393815,0.35,0,0.431969,0,0.72082,0,-0.207657,0.825784,0.825784,0.174216,0,0.393815,0,0.431969,0,0
"FSA Costs Multiplier 1 Fee Shifting Multiplier 1 P More Risk Averse","1.705E-13","1","2","DLiabilitySignal 8",0.1068,0,0.106754,0.749735,0.901572,0.901572,1,1,0.679472,0.35,,,0.356477,,,,,0,0.545095,0,,10.5346,9.1949,19.7295,0.270472,1000,998.973,0.270472,0.174028,0.347178,0.521206,0.100611,0.240008,0,0.270472,0,0.356477,0.35,0,0.545095,0,0.821152,0,-0.580993,0.901572,0.901572,0.0984283,0,0.356477,0,0.545095,0,0
"FSA Costs Multiplier 1 Fee Shifting Multiplier 1 P More Risk Averse","1.705E-13","1","2","DLiabilitySignal 9",0.102,0,0.102024,0.80961,0.944027,0,1,1,,,,,0,,,,,0,0,0,,10.8024,9.05597,19.8584,0.141604,1000,998.875,0.141604,0.0960835,0.162391,0.258475,0.0960835,0.0542787,0,0.141604,0,0,,0,0,0,0.883143,0,-1.15802,0.944027,0,0.0559732,0.944027,0,0,0,0,0
"FSA Costs Multiplier 1 Fee Shifting Multiplier 1 P More Risk Averse","1.705E-13","1","2","DLiabilitySignal 10",0.0863,0,0.0862547,0.850647,0.966463,0,1,1,,,,,0,,,,,0,0,0,,10.8215,9.03354,19.855,0.144969,1000,998.848,0.144969,0.0716786,0.158484,0.230162,0.0716786,0.0443987,0,0.144969,0,0,,0,0,0,0.91905,0,-1.88533,0.966463,0,0.0335375,0.966463,0,0,0,0,0
"FSA Costs Multiplier 1 Fee Shifting Multiplier 1 P More Risk Averse","1.705E-13","1","2","PDoesntFile",0.3993,0,0.39926,0.235075,0,0,1,1,,,,,0,,,,,0,0,0,,10,10,20,0,1000,1000,0,0,0.168039,0.168039,0,0.168039,0,0,0,0,,0,0,0,0.168039,0,-0.912704,0,0,1,0,0,0,0,0,0
"FSA Costs Multiplier 1 Fee Shifting Multiplier 1 P More Risk Averse","1.705E-13","1","2","P Files",0.6007,0,0.60074,0.67606,1,0.700909,1,1,0.56792,0.311597,,,0.317257,,,,,0.0985455,0.27034,0.014767,0.499982,10.5356,9.2048,19.7404,0.259567,1000,999.05,0.259567,0.19168,0.257577,0.449256,0.129817,0.169938,0,0.259567,0,0.317257,0.35,0.0985455,0.27034,0,0.72061,0,0.606564,1,0.700909,0,0.299091,0.317257,0.0985455,0.27034,0.00738374,0.0073832
"FSA Costs Multiplier 1 Fee Shifting Multiplier 1 P More Risk Averse","1.705E-13","1","2","DDoesntAnswer",0.1797,0,0.179676,0.838833,1,0,1,1,,,,,0,,,,,0,0,0,,10.85,9,19.85,0.15,1000,998.808,0.15,0.0889685,0.136655,0.225623,0.0889685,0.0204982,0,0.15,0,0,,0,0,0,0.911032,0,-1.27748,1,0,0,1,0,0,0,0,0
"FSA Costs Multiplier 1 Fee Shifting Multiplier 1 P More Risk Averse","1.705E-13","1","2","D Answers",0.4211,0,0.421064,0.606601,1,1,1,1,0.56792,0.311597,,,0.452636,,,,,0.140597,0.385699,0.021068,0.499982,10.4015,9.29218,19.6937,0.30632,1000,999.154,0.30632,0.235508,0.309176,0.544685,0.147247,0.233706,0,0.30632,0,0.452636,0.35,0.140597,0.385699,0,0.639354,0,1.41052,1,1,0,0,0.452636,0.140597,0.385699,0.0105345,0.0105338
"FSA Costs Multiplier 1 Fee Shifting Multiplier 1 P More Risk Averse","1.705E-13","1","2","Settles1",0.1906,0,0.190589,0.569469,1,1,1,1,0.35,0.35,,,1,,,,,0,0,0,,10.2,9.5,19.7,0.3,1000,999.679,0.3,0.201015,0.478375,0.679391,0.100508,0.3827,0,0.3,0,1,0.35,0,0,0,0.597969,0,-0.0429864,1,1,0,0,1,0,0,0,0
"FSA Costs Multiplier 1 Fee Shifting Multiplier 1 P More Risk Averse","1.705E-13","1","2","DoesntSettle1",0.2305,0,0.230475,0.637308,1,1,1,1,0.748126,0.27984,,,0,,,,,0.256862,0.704648,0.03849,0.499982,10.5681,9.12033,19.6885,0.311547,1000,998.719,0.311547,0.264032,0.169259,0.433291,0.185898,0.110497,0,0.311547,0,0,,0.256862,0.704648,0,0.673577,0,2.61248,1,1,0,0,0,0.256862,0.704648,0.0192459,0.0192445
"FSA Costs Multiplier 1 Fee Shifting Multiplier 1 P More Risk Averse","1.705E-13","1","2","PAbandons1",0.0592,0,0.0592002,0.307088,1,1,1,1,0.35,0.109907,,,0,,,,,1,0,0,,9.85,9.85,19.7,0.3,999.997,999.935,0.3,0.114962,0.268622,0.383584,0.0172444,0.308915,0,0.3,0,0,,1,0,0,0.233584,0,3.43393,1,1,0,0,0,1,0,0,0
"FSA Costs Multiplier 1 Fee Shifting Multiplier 1 P More Risk Averse","1.705E-13","1","2","PDoesntAbandon1",0.1713,0,0.171275,0.751446,1,1,1,1,0.885737,0.338576,,,0,,,,,0,0.948206,0.051794,0.499982,10.8163,8.86813,19.6845,0.315538,1000,998.299,0.315538,0.315557,0.134915,0.450472,0.244192,0.0419155,0,0.315538,0,0,,0,0.948206,0,0.825657,0,2.32855,1,1,0,0,0,0,0.948206,0.0258982,0.0258963
"FSA Costs Multiplier 1 Fee Shifting Multiplier 1 P More Risk Averse","1.705E-13","1","2","DDefaults1",0.1624,0,0.162404,0.765182,1,1,1,1,0.887423,0.35,,,0,,,,,0,1,0,,10.85,8.85,19.7,0.3,1000,998.326,0.3,0.306553,0.126517,0.43307,0.226019,0.0189776,0,0.3,0,0,,0,1,0,0.843447,0,2.12436,1,1,0,0,0,0,1,0,0
"FSA Costs Multiplier 1 Fee Shifting Multiplier 1 P More Risk Averse","1.705E-13","1","2","DDoesntDefault1",0.0089,0,0.0088711,0.499988,1,1,1,1,0.854874,0.12943,,,0,,,,,0,0,1,0.499982,10.2,9.20003,19.4,0.6,999.985,997.805,0.6,0.480397,0.288652,0.769048,0.57689,0.461843,0,0.6,0,0,,0,0,0,0.499982,0,6.0666,1,1,0,0,0,0,0,0.500018,0.499982
"FSA Costs Multiplier 1 Fee Shifting Multiplier 1 P More Risk Averse","1.705E-13","1","2","POrDQuits1",0.2216,0,0.221604,0.642805,1,1,1,1,0.743853,0.285861,,,0,,,,,0.267144,0.732856,0,,10.5829,9.11714,19.7,0.3,1000,998.756,0.3,0.255371,0.16448,0.41985,0.170246,0.0964327,0,0.3,0,0,,0.267144,0.732856,0,0.680526,0,2.47421,1,1,0,0,0,0.267144,0.732856,0,0
"FSA Costs Multiplier 1 Fee Shifting Multiplier 1 P More Risk Averse","1.705E-13","1","2","P Loses",0.0044,0,0.00443571,0.408557,1,1,1,1,0.844336,0.120626,,,0,,,,,0,0,1,0,9.4,10,19.4,0.6,999.966,1000,0.6,0,0.577283,0.577283,0,0.923652,0,0.6,0,0,,0,0,0,0.360802,0,6.06665,1,1,0,0,0,0,0,1,0
"FSA Costs Multiplier 1 Fee Shifting Multiplier 1 P More Risk Averse","1.705E-13","1","2","P Wins",0.0044,0,0.00443539,0.591425,1,1,1,1,0.865413,0.138234,,,0,,,,,0,0,1,1,11,8.4,19.4,0.6,1000,995.609,0.6,0.960828,0,0.960828,1.15382,0,0,0.6,0,0,,0,0,0,0.639172,0,6.06655,1,1,0,0,0,0,0,0,1
