Completed task Optimize (ID 5) time 9/13/2026 7:12:04 PM total seconds 386

Percentage Complete 60.00% of 10; pending 4; failed 0; unstarted 0
Updated status (total 1 milliseconds)
Task to do: Optimize ID 9 Repetition 0 Started:2026-09-13T23:12:04.1669468Z Complete:False Failed:False
Beginning task Optimize (ID 9) time 9/13/2026 7:12:04 PM
Using SequenceForm
Game: LitigationGame: Specification-ModerateRiskAversion__Cost-4__Fee-British__ExitFees-AllUnilateralExits
CollapseChanceDecisions True
NumOffers 10   
NumPotentialBargainingRounds 1  BargainingRoundsSimultaneous True SimultaneousOffersUltimatelyRevealed True 
NumLiabilityStrengthPoints 2 NumLiabilitySignals 10 PLiabilityNoiseStdev 0.2 DLiabilityNoiseStdev 0.2 CourtLiabilityNoiseStdev 0.2 
NumDamagesStrengthPoints 1 NumDamagesSignals 1 PDamagesNoiseStdev 0.1 DDamagesNoiseStdev 0.1 CourtDamagesNoiseStdev 0.15 
SkipFileAndAnswerDecisions False AllowAbandonAndDefaults True PredeterminedAbandonAndDefaults True IncludeAgreementToBargainDecisions False DeltaOffersOptions N/A 
CostsMultiplier 4 PTrialCosts 0.15 DTrialCosts 0.15 PFilingCost 0.15 DAnswerCost 0.15 PerPartyCostsLeadingUpToBargainingRound 0 
LoserPays True Multiple 1 AfterAbandonment True Rule68 False Margin False (0.7)
PInitialWealth 10 DInitialWealth 10 
DamagesMin 0 DamagesMax 1 DamagesMultiplier 1
RegretAversion 0 
PUtilityCalculator CARA Alpha=2 DUtilityCalculator CARA Alpha=2 
LitigGameDisputeGenerator LitigGameUniformQualityDisputeGenerator QualityDistribution=Uniform(0,1);TruthGivenQuality=Bernoulli(q);GaussLegendreOrder=64
WarmStartOptions NoWarmStart for  iterations
Initializing all game paths...
... Chance nodes 111 decision nodes 4900 (80 information sets) final nodes 40200 total nodes 45211 Initialization milliseconds 1003
Prepping accelerated best response...
... 145 milliseconds. Chance nodes 111 decision nodes 4900 (80 information sets) final nodes 40200 total nodes 45211
Calculating min-max...
... complete 154 milliseconds
Option set Specification-ModerateRiskAversion__Cost-4__Fee-British__ExitFees-AllUnilateralExits
Using exact arithmetic for initial prior

Game tree has 45211 nodes, of which 40200 are terminal nodes.
    Player 0 has 111 information sets, 210 moves in total
    Player 1 has  40 information sets, 240 moves in total
    Player 2 has  40 information sets, 240 moves in total
Sequence form LCP dimension is 564
    Player 1 has 241 sequences, subject to  41 constraints
    Player 2 has 241 sequences, subject to  41 constraints
Prior 1 of 1
... 100 steps (32046 ms) ...... 200 steps (146774 ms) ...... 300 steps (466511 ms) ...... 400 steps (887054 ms) ...... 500 steps (1303225 ms) ...... 600 steps (1762502 ms) ...... 700 steps (2130302 ms) ...Complete after 741 pivoting steps
Equilibrium 1
Equilibrium behavior strategies player 1, 2:
0,1,0,0,0,0,0,0,0,0,0,0,0,0,0,0,0,0,0,0,0,0,0,0,0,1,0,0,0,0,0,0,0,0,0,0,0,0,0,0,0,0,0,0,0,0,0,0,0,1,0,0,0,0,0,0,0,0,0,0,0,0,0,0,0,0,0,0,0,0,0,0,0,1,0,0,0,0,0,0,0,0,0,0,0,0,0,0,0,0,0,0,0,0,0,0,0,1,0,0,0,0,0,0,0,0,0,0,0,0,0,0,0,0,0,0,0,0,0,0,0,1,0,0,0,0,0,0,0,0,0,0,0,0,0,0,0,0,0,0,0,0,0,0,0,1,0,0,0,0,0,0,0,0,0,0,0,0,0,0,0,0,0,0,0,0,0,0,0,1,0,0,0,0,0,0,0,0,0,0,0,0,0,0,0,0,0,0,0,0,0,0,0,1,0,0,0,0,0,0,0,0,0,0,0,0,0,0,0,0,0,0,0,0,0,0,0,1,0,0,0,0,0,0,0,0,0,0,0,0,0,0,0,0,0,0,0,0,0,0
1,0,0,1,0,0,0,0,0,0,0,0,0,0,0,0,0,1988722760925374724448297034599369584327947304272505388033995179189/454272654052258315312560534650693259591726049584737357099160223561520,79318984956451953198035156261320574897009509712931922236151067352217/1362817962156774945937681603952079778775178148754212071297480670684560,0,0,325363405320077052478157613311557572958565049253/347083918239562294129335780877475701136085380430,0,0,1,0,0,1,0,0,0,0,0,0,0,0,0,0,0,0,0,0,0,0,0,1,0,0,1,0,13922676956986487066628869160244140154556979920653619/64121604046608844014244581422351484256295184848877150,50198927089622356947615712262107344101738204928223531/64121604046608844014244581422351484256295184848877150,0,0,0,0,0,0,0,0,1,0,0,0,0,0,0,1542187690305850360568593793394090297692326017910697/100397854179244713895231424524214688203476409856447062,43748212988400262010091064104030003476428818011718750/50198927089622356947615712262107344101738204928223531,11359240512138339514480702522760590952926447815098865/100397854179244713895231424524214688203476409856447062,0,0,1,0,1,0,0,0,0,0,0,0,0,0,1,0,0,0,0,0,0,0,0,0,0,0,1,0,1,0,0,0,0,0,0,0,0,0,1,0,0,0,0,0,0,0,0,0,0,0,1,0,17102918285624042179347398771668236211744989282634/17529142713671089123631651564338842060222849876675,426224428047046944284252792670605848477860594041/17529142713671089123631651564338842060222849876675,0,0,0,0,0,0,0,0,1,0,0,0,0,0,0,1,0,0,0,0,1,0,5078039342876677402946766321427334476170633789985622/5618327120038525565328317727067414270058993964526725,540287777161848162381551405640079793888360174541103/5618327120038525565328317727067414270058993964526725,0,0,0,0,0,0,0,0,1,0,0,0,0,3093281448333914482555706993382207914393620237881362810243913242311737/8846260878189847863389382266454209047284166128240658125654155726531944,344236907149510904843134523272533687842567315008341745535928667406841/1263751554027121123341340323779172721040595161177236875093450818075992,7555186870316704277080896420266956799811825164646580/19990647754988382008117402008682952373869326458020811,0,0,0,0,1,0,313052640640339498363778635122587497764333143842333/326595606349450818408716034409260531016783624018050,13542965709111320044937399286673033252450480175717/326595606349450818408716034409260531016783624018050,0,0,0,0,0,0,0,0,1,0,0,0,0,48894670069689920472533101052041091621574526498738820344148912490321/113867623236389062503597755813138423008897563581380234865853246523592,64972953166699142031064654761097331387323037082641414521704334033271/113867623236389062503597755813138423008897563581380234865853246523592,0,0,0,0,0,1,0,1,0,0,0,0,0,0,0,0,0,1,0,0,0,0,0,0,0,0,0,0,0,1,0,1,0,0,0,0,0,0,0,0,0,1,0,0,0,0,0,0,0,0,0,0,0
Elapsed milliseconds prior 1: 2351799
Changed to original form:
0,1,0,0,0,0,0,0,0,0,0,0,0,0,0,0,0,0,0,0,0,0,0,0,0,1,0,0,0,0,0,0,0,0,0,0,0,0,0,0,0,0,0,0,0,0,0,0,0,1,0,0,0,0,0,0,0,0,0,0,0,0,0,0,0,0,0,0,0,0,0,0,0,1,0,0,0,0,0,0,0,0,0,0,0,0,0,0,0,0,0,0,0,0,0,0,0,1,0,0,0,0,0,0,0,0,0,0,0,0,0,0,0,0,0,0,0,0,0,0,0,1,0,0,0,0,0,0,0,0,0,0,0,0,0,0,0,0,0,0,0,0,0,0,0,1,0,0,0,0,0,0,0,0,0,0,0,0,0,0,0,0,0,0,0,0,0,0,0,1,0,0,0,0,0,0,0,0,0,0,0,0,0,0,0,0,0,0,0,0,0,0,0,1,0,0,0,0,0,0,0,0,0,0,0,0,0,0,0,0,0,0,0,0,0,0,0,1,0,0,0,0,0,0,0,0,0,0,0,0,0,0,0,0,0,0,0,0,0,0,1,0,0,1,0,0,0,0,0,0,0,0,0,0,0,0,0,1988722760925374724448297034599369584327947304272505388033995179189/454272654052258315312560534650693259591726049584737357099160223561520,79318984956451953198035156261320574897009509712931922236151067352217/1362817962156774945937681603952079778775178148754212071297480670684560,0,0,325363405320077052478157613311557572958565049253/347083918239562294129335780877475701136085380430,0,0,1,0,0,1,0,0,0,0,0,0,0,0,0,0,0,0,0,0,0,0,0,1,0,0,1,0,13922676956986487066628869160244140154556979920653619/64121604046608844014244581422351484256295184848877150,50198927089622356947615712262107344101738204928223531/64121604046608844014244581422351484256295184848877150,0,0,0,0,0,0,0,0,1,0,0,0,0,0,0,1542187690305850360568593793394090297692326017910697/100397854179244713895231424524214688203476409856447062,43748212988400262010091064104030003476428818011718750/50198927089622356947615712262107344101738204928223531,11359240512138339514480702522760590952926447815098865/100397854179244713895231424524214688203476409856447062,0,0,1,0,1,0,0,0,0,0,0,0,0,0,1,0,0,0,0,0,0,0,0,0,0,0,1,0,1,0,0,0,0,0,0,0,0,0,1,0,0,0,0,0,0,0,0,0,0,0,1,0,17102918285624042179347398771668236211744989282634/17529142713671089123631651564338842060222849876675,426224428047046944284252792670605848477860594041/17529142713671089123631651564338842060222849876675,0,0,0,0,0,0,0,0,1,0,0,0,0,0,0,1,0,0,0,0,1,0,5078039342876677402946766321427334476170633789985622/5618327120038525565328317727067414270058993964526725,540287777161848162381551405640079793888360174541103/5618327120038525565328317727067414270058993964526725,0,0,0,0,0,0,0,0,1,0,0,0,0,3093281448333914482555706993382207914393620237881362810243913242311737/8846260878189847863389382266454209047284166128240658125654155726531944,344236907149510904843134523272533687842567315008341745535928667406841/1263751554027121123341340323779172721040595161177236875093450818075992,7555186870316704277080896420266956799811825164646580/19990647754988382008117402008682952373869326458020811,0,0,0,0,1,0,313052640640339498363778635122587497764333143842333/326595606349450818408716034409260531016783624018050,13542965709111320044937399286673033252450480175717/326595606349450818408716034409260531016783624018050,0,0,0,0,0,0,0,0,1,0,0,0,0,48894670069689920472533101052041091621574526498738820344148912490321/113867623236389062503597755813138423008897563581380234865853246523592,64972953166699142031064654761097331387323037082641414521704334033271/113867623236389062503597755813138423008897563581380234865853246523592,0,0,0,0,0,1,0,1,0,0,0,0,0,0,0,0,0,1,0,0,0,0,0,0,0,0,0,0,0,1,0,1,0,0,0,0,0,0,0,0,0,1,0,0,0,0,0,0,0,0,0,0,0
Perfect equilibrium confirmed 187 ms

Specification-ModerateRiskAversion__Cost-4__Fee-British__ExitFees-AllUnilateralExits
Result using all paths playing CurrentProbability
Best iteration 1000 best exploitability 0.00022790869672917324
Scenario index 0 Name: Option set Specification-ModerateRiskAversion__Cost-4__Fee-British__ExitFees-AllUnilateralExits
Avg BR: 0.00022790869672917324 Perturbed refinement: 4010000000 Custom: 0, 0, 0, 0
U(P0): 1000.0000357697998 BR score 1000.0004915871932 BRimp: 0.000456
U(P1): 1000.0000000000002 BR score 1000.0000000000002 BRimp: 0
Total best response calculation time: 15 milliseconds


Elapsed milliseconds report for eq 1 of 1: 120
Writing report to blob
Report written to blob
