"OptionSet","Exploit","Seconds","Filter","All","NoDispute","DisputeArises","LitigQuality","PFiles","DAnswers","PBargains1","DBargains1","POffer1","DOffer1","POfferMixedness1","DOfferMixedness1","Settles1","PBet1","DBet1","PBetMixedness1","DBetMixedness1","PAbandons1","DDefaults1","Trial","PWinPct","PWealth","DWealth","PWelfare","DWelfare","TotExpense","False+","False-","False+-","False+^2","False-^2","PDSWelfare","Chips","Settles","ValIfSettled","PAbandons","DDefaults","BothReadyToGiveUp","TrulyLiable","PrimaryAction","MutualOptimism","P Files","D Answers","PDoesntFile","DDoesntAnswer","SettlesBR1","PAbandonsBR1","DDefaultsBR1","P Loses","P Wins"
"FSA Costs Multiplier 4 Fee Shifting Multiplier 0.5 Risk Neutral Noise 0.5,2","-1.776E-15","478","All",1,0,1,0.500004,1,0,1,1,,,,,0,,,,,0,0,0,,10.4,9,10.4,9,0.6,0.499996,0.300003,0.799998,0.499996,0.180002,0,0,0,,0,0,0,0.500004,0,1.79226E-05,1,0,0,1,0,0,0,0,0
"FSA Costs Multiplier 4 Fee Shifting Multiplier 0.5 Risk Neutral Noise 0.5,2","-1.776E-15","478","NoDispute",0,0,0,,,,,,,,,,,,,,,,,,,,,,,,,,,,,,,,,,,,,,,,,,,,,,,
"FSA Costs Multiplier 4 Fee Shifting Multiplier 0.5 Risk Neutral Noise 0.5,2","-1.776E-15","478","DisputeArises",1,0,1,0.500004,1,0,1,1,,,,,0,,,,,0,0,0,,10.4,9,10.4,9,0.6,0.499996,0.300003,0.799998,0.499996,0.180002,0,0,0,,0,0,0,0.500004,0,1.79226E-05,1,0,0,1,0,0,0,0,0
"FSA Costs Multiplier 4 Fee Shifting Multiplier 0.5 Risk Neutral Noise 0.5,2","-1.776E-15","478","PFiles",1,0,1,0.500004,1,0,1,1,,,,,0,,,,,0,0,0,,10.4,9,10.4,9,0.6,0.499996,0.300003,0.799998,0.499996,0.180002,0,0,0,,0,0,0,0.500004,0,1.79226E-05,1,0,0,1,0,0,0,0,0
"FSA Costs Multiplier 4 Fee Shifting Multiplier 0.5 Risk Neutral Noise 0.5,2","-1.776E-15","478","DAnswers",0,0,0,,,,,,,,,,,,,,,,,,,,,,,,,,,,,,,,,,,,,,,,,,,,,,,
"FSA Costs Multiplier 4 Fee Shifting Multiplier 0.5 Risk Neutral Noise 0.5,2","-1.776E-15","478","Litigated",0,0,0,,,,,,,,,,,,,,,,,,,,,,,,,,,,,,,,,,,,,,,,,,,,,,,
"FSA Costs Multiplier 4 Fee Shifting Multiplier 0.5 Risk Neutral Noise 0.5,2","-1.776E-15","478","Not Litigated",1,0,1,0.500004,1,0,1,1,,,,,0,,,,,0,0,0,,10.4,9,10.4,9,0.6,0.499996,0.300003,0.799998,0.499996,0.180002,0,0,0,,0,0,0,0.500004,0,1.79226E-05,1,0,0,1,0,0,0,0,0
"FSA Costs Multiplier 4 Fee Shifting Multiplier 0.5 Risk Neutral Noise 0.5,2","-1.776E-15","478","Settles",0,0,0,,,,,,,,,,,,,,,,,,,,,,,,,,,,,,,,,,,,,,,,,,,,,,,
"FSA Costs Multiplier 4 Fee Shifting Multiplier 0.5 Risk Neutral Noise 0.5,2","-1.776E-15","478","Tried",0,0,0,,,,,,,,,,,,,,,,,,,,,,,,,,,,,,,,,,,,,,,,,,,,,,,
"FSA Costs Multiplier 4 Fee Shifting Multiplier 0.5 Risk Neutral Noise 0.5,2","-1.776E-15","478","PWins",0,0,0,,,,,,,,,,,,,,,,,,,,,,,,,,,,,,,,,,,,,,,,,,,,,,,
"FSA Costs Multiplier 4 Fee Shifting Multiplier 0.5 Risk Neutral Noise 0.5,2","-1.776E-15","478","DWins",0,0,0,,,,,,,,,,,,,,,,,,,,,,,,,,,,,,,,,,,,,,,,,,,,,,,
"FSA Costs Multiplier 4 Fee Shifting Multiplier 0.5 Risk Neutral Noise 0.5,2","-1.776E-15","478","Abandoned",0,0,0,,,,,,,,,,,,,,,,,,,,,,,,,,,,,,,,,,,,,,,,,,,,,,,
"FSA Costs Multiplier 4 Fee Shifting Multiplier 0.5 Risk Neutral Noise 0.5,2","-1.776E-15","478","Rounds1",0,0,0,,,,,,,,,,,,,,,,,,,,,,,,,,,,,,,,,,,,,,,,,,,,,,,
"FSA Costs Multiplier 4 Fee Shifting Multiplier 0.5 Risk Neutral Noise 0.5,2","-1.776E-15","478","PrePrimary1",0,0,0,,,,,,,,,,,,,,,,,,,,,,,,,,,,,,,,,,,,,,,,,,,,,,,
"FSA Costs Multiplier 4 Fee Shifting Multiplier 0.5 Risk Neutral Noise 0.5,2","-1.776E-15","478","PrePrimary2",0,0,0,,,,,,,,,,,,,,,,,,,,,,,,,,,,,,,,,,,,,,,,,,,,,,,
"FSA Costs Multiplier 4 Fee Shifting Multiplier 0.5 Risk Neutral Noise 0.5,2","-1.776E-15","478","PrePrimary3",0,0,0,,,,,,,,,,,,,,,,,,,,,,,,,,,,,,,,,,,,,,,,,,,,,,,
"FSA Costs Multiplier 4 Fee Shifting Multiplier 0.5 Risk Neutral Noise 0.5,2","-1.776E-15","478","PrePrimary4",0,0,0,,,,,,,,,,,,,,,,,,,,,,,,,,,,,,,,,,,,,,,,,,,,,,,
"FSA Costs Multiplier 4 Fee Shifting Multiplier 0.5 Risk Neutral Noise 0.5,2","-1.776E-15","478","PrePrimary5",0,0,0,,,,,,,,,,,,,,,,,,,,,,,,,,,,,,,,,,,,,,,,,,,,,,,
"FSA Costs Multiplier 4 Fee Shifting Multiplier 0.5 Risk Neutral Noise 0.5,2","-1.776E-15","478","PrePrimary6",0,0,0,,,,,,,,,,,,,,,,,,,,,,,,,,,,,,,,,,,,,,,,,,,,,,,
"FSA Costs Multiplier 4 Fee Shifting Multiplier 0.5 Risk Neutral Noise 0.5,2","-1.776E-15","478","PrePrimary7",0,0,0,,,,,,,,,,,,,,,,,,,,,,,,,,,,,,,,,,,,,,,,,,,,,,,
"FSA Costs Multiplier 4 Fee Shifting Multiplier 0.5 Risk Neutral Noise 0.5,2","-1.776E-15","478","PrePrimary8",0,0,0,,,,,,,,,,,,,,,,,,,,,,,,,,,,,,,,,,,,,,,,,,,,,,,
"FSA Costs Multiplier 4 Fee Shifting Multiplier 0.5 Risk Neutral Noise 0.5,2","-1.776E-15","478","PrePrimary9",0,0,0,,,,,,,,,,,,,,,,,,,,,,,,,,,,,,,,,,,,,,,,,,,,,,,
"FSA Costs Multiplier 4 Fee Shifting Multiplier 0.5 Risk Neutral Noise 0.5,2","-1.776E-15","478","PrePrimary10",0,0,0,,,,,,,,,,,,,,,,,,,,,,,,,,,,,,,,,,,,,,,,,,,,,,,
"FSA Costs Multiplier 4 Fee Shifting Multiplier 0.5 Risk Neutral Noise 0.5,2","-1.776E-15","478","Truly Liable",0.5,0,0.500004,0.716729,1,0,1,1,,,,,0,,,,,0,0,0,,10.4,9,10.4,9,0.6,0,0.6,0.6,0,0.36,0,0,0,,0,0,0,1,0,0.584825,1,0,0,1,0,0,0,0,0
"FSA Costs Multiplier 4 Fee Shifting Multiplier 0.5 Risk Neutral Noise 0.5,2","-1.776E-15","478","Truly Not Liable",0.5,0,0.499996,0.283275,1,0,1,1,,,,,0,,,,,0,0,0,,10.4,9,10.4,9,0.6,1,0,1,1,0,0,0,0,,0,0,0,0,0,-0.5848,1,0,0,1,0,0,0,0,0
"FSA Costs Multiplier 4 Fee Shifting Multiplier 0.5 Risk Neutral Noise 0.5,2","-1.776E-15","478","AllCount",250,0,250,0.500004,250,0,250,250,,,,,0,,,,,0,0,0,,10.4,9,10.4,9,0.6,0.499996,0.300003,0.799998,0.499996,0.180002,0,0,0,,0,0,0,125.001,0,1.79226E-05,250,0,0,250,0,0,0,0,0
"FSA Costs Multiplier 4 Fee Shifting Multiplier 0.5 Risk Neutral Noise 0.5,2","-1.776E-15","478","Liability Strength1",0.2261,0,0.226109,0.1,1,0,1,1,,,,,0,,,,,0,0,0,,10.4,9,10.4,9,0.6,0.960034,0.0239794,0.984014,0.960034,0.0143877,0,0,0,,0,0,0,0.0399657,0,-1.04554,1,0,0,1,0,0,0,0,0
"FSA Costs Multiplier 4 Fee Shifting Multiplier 0.5 Risk Neutral Noise 0.5,2","-1.776E-15","478","Liability Strength2",0.1902,0,0.190218,0.3,1,0,1,1,,,,,0,,,,,0,0,0,,10.4,9,10.4,9,0.6,0.830511,0.101694,0.932204,0.830511,0.0610161,0,0,0,,0,0,0,0.169489,0,-0.595585,1,0,0,1,0,0,0,0,0
"FSA Costs Multiplier 4 Fee Shifting Multiplier 0.5 Risk Neutral Noise 0.5,2","-1.776E-15","478","Liability Strength3",0.1673,0,0.167336,0.5,1,0,1,1,,,,,0,,,,,0,0,0,,10.4,9,10.4,9,0.6,0.5,0.3,0.8,0.5,0.18,0,0,0,,0,0,0,0.5,0,-1.30481E-05,1,0,0,1,0,0,0,0,0
"FSA Costs Multiplier 4 Fee Shifting Multiplier 0.5 Risk Neutral Noise 0.5,2","-1.776E-15","478","Liability Strength4",0.1902,0,0.19022,0.7,1,0,1,1,,,,,0,,,,,0,0,0,,10.4,9,10.4,9,0.6,0.169489,0.498306,0.667796,0.169489,0.298984,0,0,0,,0,0,0,0.830511,0,0.595594,1,0,0,1,0,0,0,0,0
"FSA Costs Multiplier 4 Fee Shifting Multiplier 0.5 Risk Neutral Noise 0.5,2","-1.776E-15","478","Liability Strength5",0.2261,0,0.226117,0.9,1,0,1,1,,,,,0,,,,,0,0,0,,10.4,9,10.4,9,0.6,0.0399657,0.576021,0.615986,0.0399657,0.345612,0,0,0,,0,0,0,0.960034,0,1.04558,1,0,0,1,0,0,0,0,0
"FSA Costs Multiplier 4 Fee Shifting Multiplier 0.5 Risk Neutral Noise 0.5,2","-1.776E-15","478","PLiabilitySignal1",0.2137,0,0.21366,0.12847,1,0,1,1,,,,,0,,,,,0,0,0,,10.4,9,10.4,9,0.6,0.941384,0.0351697,0.976554,0.941384,0.0211018,0,0,0,,0,0,0,0.0586162,0,-1.28736,1,0,0,1,0,0,0,0,0
"FSA Costs Multiplier 4 Fee Shifting Multiplier 0.5 Risk Neutral Noise 0.5,2","-1.776E-15","478","PLiabilitySignal2",0.1989,0,0.19889,0.284476,1,0,1,1,,,,,0,,,,,0,0,0,,10.4,9,10.4,9,0.6,0.813444,0.111933,0.925378,0.813444,0.0671601,0,0,0,,0,0,0,0.186556,0,-0.57544,1,0,0,1,0,0,0,0,0
"FSA Costs Multiplier 4 Fee Shifting Multiplier 0.5 Risk Neutral Noise 0.5,2","-1.776E-15","478","PLiabilitySignal3",0.1749,0,0.17489,0.5,1,0,1,1,,,,,0,,,,,0,0,0,,10.4,9,10.4,9,0.6,0.499999,0.3,0.8,0.499999,0.18,0,0,0,,0,0,0,0.500001,0,-2E-05,1,0,0,1,0,0,0,0,0
"FSA Costs Multiplier 4 Fee Shifting Multiplier 0.5 Risk Neutral Noise 0.5,2","-1.776E-15","478","PLiabilitySignal4",0.1989,0,0.19889,0.715524,1,0,1,1,,,,,0,,,,,0,0,0,,10.4,9,10.4,9,0.6,0.186556,0.488067,0.674622,0.186556,0.29284,0,0,0,,0,0,0,0.813444,0,0.57544,1,0,0,1,0,0,0,0,0
"FSA Costs Multiplier 4 Fee Shifting Multiplier 0.5 Risk Neutral Noise 0.5,2","-1.776E-15","478","PLiabilitySignal5",0.2137,0,0.21367,0.871529,1,0,1,1,,,,,0,,,,,0,0,0,,10.4,9,10.4,9,0.6,0.0586164,0.56483,0.623447,0.0586164,0.338898,0,0,0,,0,0,0,0.941384,0,1.2874,1,0,0,1,0,0,0,0,0
"FSA Costs Multiplier 4 Fee Shifting Multiplier 0.5 Risk Neutral Noise 0.5,2","-1.776E-15","478","DLiabilitySignal1",0.1748,0,0.17483,0.318054,1,0,1,1,,,,,0,,,,,0,0,0,,10.4,9,10.4,9,0.6,0.725516,0.16469,0.890206,0.725516,0.0988143,0,0,0,,0,0,0,0.274484,0,1.16183,1,0,0,1,0,0,0,0,0
"FSA Costs Multiplier 4 Fee Shifting Multiplier 0.5 Risk Neutral Noise 0.5,2","-1.776E-15","478","DLiabilitySignal2",0.2123,0,0.212276,0.402082,1,0,1,1,,,,,0,,,,,0,0,0,,10.4,9,10.4,9,0.6,0.622,0.2268,0.8488,0.622,0.13608,0,0,0,,0,0,0,0.378,0,0.548339,1,0,0,1,0,0,0,0,0
"FSA Costs Multiplier 4 Fee Shifting Multiplier 0.5 Risk Neutral Noise 0.5,2","-1.776E-15","478","DLiabilitySignal3",0.2258,0,0.225786,0.500003,1,0,1,1,,,,,0,,,,,0,0,0,,10.4,9,10.4,9,0.6,0.499996,0.300002,0.799998,0.499996,0.180001,0,0,0,,0,0,0,0.500004,0,1.86726E-05,1,0,0,1,0,0,0,0,0
"FSA Costs Multiplier 4 Fee Shifting Multiplier 0.5 Risk Neutral Noise 0.5,2","-1.776E-15","478","DLiabilitySignal4",0.2123,0,0.212278,0.597924,1,0,1,1,,,,,0,,,,,0,0,0,,10.4,9,10.4,9,0.6,0.377993,0.373204,0.751197,0.377993,0.223923,0,0,0,,0,0,0,0.622007,0,-0.548304,1,0,0,1,0,0,0,0,0
"FSA Costs Multiplier 4 Fee Shifting Multiplier 0.5 Risk Neutral Noise 0.5,2","-1.776E-15","478","DLiabilitySignal5",0.1748,0,0.174831,0.681953,1,0,1,1,,,,,0,,,,,0,0,0,,10.4,9,10.4,9,0.6,0.274474,0.435315,0.70979,0.274474,0.261189,0,0,0,,0,0,0,0.725526,0,-1.16178,1,0,0,1,0,0,0,0,0
"FSA Costs Multiplier 4 Fee Shifting Multiplier 0.5 Risk Neutral Noise 0.5,2","-1.776E-15","478","MutOptLiability5",0,0,0,,,,,,,,,,,,,,,,,,,,,,,,,,,,,,,,,,,,,,,,,,,,,,,
"FSA Costs Multiplier 4 Fee Shifting Multiplier 0.5 Risk Neutral Noise 0.5,2","-1.776E-15","478","MutOptLiability4",0.0114,0,0.0114228,0.85186,1,0,1,1,,,,,0,,,,,0,0,0,,10.4,9,10.4,9,0.6,0.0717522,0.556949,0.628701,0.0717522,0.334169,0,0,0,,0,0,0,0.928248,0,4,1,0,0,1,0,0,0,0,0
"FSA Costs Multiplier 4 Fee Shifting Multiplier 0.5 Risk Neutral Noise 0.5,2","-1.776E-15","478","MutOptLiability3",0.0433,0,0.0432513,0.7847,1,0,1,1,,,,,0,,,,,0,0,0,,10.4,9,10.4,9,0.6,0.134202,0.519479,0.653681,0.134202,0.311687,0,0,0,,0,0,0,0.865798,0,3,1,0,0,1,0,0,0,0,0
"FSA Costs Multiplier 4 Fee Shifting Multiplier 0.5 Risk Neutral Noise 0.5,2","-1.776E-15","478","MutOptLiability2",0.1046,0,0.104599,0.708425,1,0,1,1,,,,,0,,,,,0,0,0,,10.4,9,10.4,9,0.6,0.237175,0.457695,0.69487,0.237175,0.274617,0,0,0,,0,0,0,0.762825,0,2,1,0,0,1,0,0,0,0,0
"FSA Costs Multiplier 4 Fee Shifting Multiplier 0.5 Risk Neutral Noise 0.5,2","-1.776E-15","478","MutOptLiability1",0.1968,0,0.196824,0.604704,1,0,1,1,,,,,0,,,,,0,0,0,,10.4,9,10.4,9,0.6,0.377077,0.373754,0.750831,0.377077,0.224252,0,0,0,,0,0,0,0.622923,0,1,1,0,0,1,0,0,0,0,0
"FSA Costs Multiplier 4 Fee Shifting Multiplier 0.5 Risk Neutral Noise 0.5,2","-1.776E-15","478","MutOptLiability0",0.2878,0,0.287812,0.500001,1,0,1,1,,,,,0,,,,,0,0,0,,10.4,9,10.4,9,0.6,0.499998,0.300001,0.799999,0.499998,0.180001,0,0,0,,0,0,0,0.500002,0,0,1,0,0,1,0,0,0,0,0
"FSA Costs Multiplier 4 Fee Shifting Multiplier 0.5 Risk Neutral Noise 0.5,2","-1.776E-15","478","MutOptLiability-1",0.1968,0,0.196821,0.3953,1,0,1,1,,,,,0,,,,,0,0,0,,10.4,9,10.4,9,0.6,0.622918,0.226249,0.849167,0.622918,0.135749,0,0,0,,0,0,0,0.377082,0,-1,1,0,0,1,0,0,0,0,0
"FSA Costs Multiplier 4 Fee Shifting Multiplier 0.5 Risk Neutral Noise 0.5,2","-1.776E-15","478","MutOptLiability-2",0.1046,0,0.104599,0.291583,1,0,1,1,,,,,0,,,,,0,0,0,,10.4,9,10.4,9,0.6,0.762816,0.14231,0.905127,0.762816,0.0853861,0,0,0,,0,0,0,0.237184,0,-2,1,0,0,1,0,0,0,0,0
"FSA Costs Multiplier 4 Fee Shifting Multiplier 0.5 Risk Neutral Noise 0.5,2","-1.776E-15","478","MutOptLiability-3",0.0433,0,0.0432502,0.215303,1,0,1,1,,,,,0,,,,,0,0,0,,10.4,9,10.4,9,0.6,0.865796,0.0805221,0.946319,0.865796,0.0483133,0,0,0,,0,0,0,0.134204,0,-3,1,0,0,1,0,0,0,0,0
"FSA Costs Multiplier 4 Fee Shifting Multiplier 0.5 Risk Neutral Noise 0.5,2","-1.776E-15","478","MutOptLiability-4",0.0114,0,0.0114201,0.14814,1,0,1,1,,,,,0,,,,,0,0,0,,10.4,9,10.4,9,0.6,0.928248,0.0430513,0.971299,0.928248,0.0258308,0,0,0,,0,0,0,0.0717522,0,-4,1,0,0,1,0,0,0,0,0
"FSA Costs Multiplier 4 Fee Shifting Multiplier 0.5 Risk Neutral Noise 0.5,2","-1.776E-15","478","MutOptLiability-5",0,0,0,,,,,,,,,,,,,,,,,,,,,,,,,,,,,,,,,,,,,,,,,,,,,,,
"FSA Costs Multiplier 4 Fee Shifting Multiplier 0.5 Risk Neutral Noise 0.5,2","-1.776E-15","478","Truly Liable MutOptLiability5",0,0,0,,,,,,,,,,,,,,,,,,,,,,,,,,,,,,,,,,,,,,,,,,,,,,,
"FSA Costs Multiplier 4 Fee Shifting Multiplier 0.5 Risk Neutral Noise 0.5,2","-1.776E-15","478","Truly Liable MutOptLiability4",0.0106,0,0.0106032,0.857361,1,0,1,1,,,,,0,,,,,0,0,0,,10.4,9,10.4,9,0.6,0,0.6,0.6,0,0.36,0,0,0,,0,0,0,1,0,4,1,0,0,1,0,0,0,0,0
"FSA Costs Multiplier 4 Fee Shifting Multiplier 0.5 Risk Neutral Noise 0.5,2","-1.776E-15","478","Truly Liable MutOptLiability3",0.0374,0,0.0374469,0.80448,1,0,1,1,,,,,0,,,,,0,0,0,,10.4,9,10.4,9,0.6,0,0.6,0.6,0,0.36,0,0,0,,0,0,0,1,0,3,1,0,0,1,0,0,0,0,0
"FSA Costs Multiplier 4 Fee Shifting Multiplier 0.5 Risk Neutral Noise 0.5,2","-1.776E-15","478","Truly Liable MutOptLiability2",0.0798,0,0.079791,0.766998,1,0,1,1,,,,,0,,,,,0,0,0,,10.4,9,10.4,9,0.6,0,0.6,0.6,0,0.36,0,0,0,,0,0,0,1,0,2,1,0,0,1,0,0,0,0,0
"FSA Costs Multiplier 4 Fee Shifting Multiplier 0.5 Risk Neutral Noise 0.5,2","-1.776E-15","478","Truly Liable MutOptLiability1",0.1226,0,0.122606,0.745529,1,0,1,1,,,,,0,,,,,0,0,0,,10.4,9,10.4,9,0.6,0,0.6,0.6,0,0.36,0,0,0,,0,0,0,1,0,1,1,0,0,1,0,0,0,0,0
"FSA Costs Multiplier 4 Fee Shifting Multiplier 0.5 Risk Neutral Noise 0.5,2","-1.776E-15","478","Truly Liable MutOptLiability0",0.1439,0,0.143906,0.735642,1,0,1,1,,,,,0,,,,,0,0,0,,10.4,9,10.4,9,0.6,0,0.6,0.6,0,0.36,0,0,0,,0,0,0,1,0,0,1,0,0,1,0,0,0,0,0
"FSA Costs Multiplier 4 Fee Shifting Multiplier 0.5 Risk Neutral Noise 0.5,2","-1.776E-15","478","Truly Liable MutOptLiability-1",0.0742,0,0.0742178,0.627938,1,0,1,1,,,,,0,,,,,0,0,0,,10.4,9,10.4,9,0.6,0,0.6,0.6,0,0.36,0,0,0,,0,0,0,1,0,-1,1,0,0,1,0,0,0,0,0
"FSA Costs Multiplier 4 Fee Shifting Multiplier 0.5 Risk Neutral Noise 0.5,2","-1.776E-15","478","Truly Liable MutOptLiability-2",0.0248,0,0.0248092,0.479969,1,0,1,1,,,,,0,,,,,0,0,0,,10.4,9,10.4,9,0.6,0,0.6,0.6,0,0.36,0,0,0,,0,0,0,1,0,-2,1,0,0,1,0,0,0,0,0
"FSA Costs Multiplier 4 Fee Shifting Multiplier 0.5 Risk Neutral Noise 0.5,2","-1.776E-15","478","Truly Liable MutOptLiability-3",0.0058,0,0.00580432,0.342914,1,0,1,1,,,,,0,,,,,0,0,0,,10.4,9,10.4,9,0.6,0,0.6,0.6,0,0.36,0,0,0,,0,0,0,1,0,-3,1,0,0,1,0,0,0,0,0
"FSA Costs Multiplier 4 Fee Shifting Multiplier 0.5 Risk Neutral Noise 0.5,2","-1.776E-15","478","Truly Liable MutOptLiability-4",0.0008,0,0.000819419,0.219309,1,0,1,1,,,,,0,,,,,0,0,0,,10.4,9,10.4,9,0.6,0,0.6,0.6,0,0.36,0,0,0,,0,0,0,1,0,-4,1,0,0,1,0,0,0,0,0
"FSA Costs Multiplier 4 Fee Shifting Multiplier 0.5 Risk Neutral Noise 0.5,2","-1.776E-15","478","Truly Liable MutOptLiability-5",0,0,0,,,,,,,,,,,,,,,,,,,,,,,,,,,,,,,,,,,,,,,,,,,,,,,
"FSA Costs Multiplier 4 Fee Shifting Multiplier 0.5 Risk Neutral Noise 0.5,2","-1.776E-15","478","Truly Not Liable MutOptLiability5",0,0,0,,,,,,,,,,,,,,,,,,,,,,,,,,,,,,,,,,,,,,,,,,,,,,,
"FSA Costs Multiplier 4 Fee Shifting Multiplier 0.5 Risk Neutral Noise 0.5,2","-1.776E-15","478","Truly Not Liable MutOptLiability4",0.0008,0,0.000819611,0.780691,1,0,1,1,,,,,0,,,,,0,0,0,,10.4,9,10.4,9,0.6,1,0,1,1,0,0,0,0,,0,0,0,0,0,4,1,0,0,1,0,0,0,0,0
"FSA Costs Multiplier 4 Fee Shifting Multiplier 0.5 Risk Neutral Noise 0.5,2","-1.776E-15","478","Truly Not Liable MutOptLiability3",0.0058,0,0.0058044,0.657088,1,0,1,1,,,,,0,,,,,0,0,0,,10.4,9,10.4,9,0.6,1,0,1,1,0,0,0,0,,0,0,0,0,0,3,1,0,0,1,0,0,0,0,0
"FSA Costs Multiplier 4 Fee Shifting Multiplier 0.5 Risk Neutral Noise 0.5,2","-1.776E-15","478","Truly Not Liable MutOptLiability2",0.0248,0,0.0248083,0.520036,1,0,1,1,,,,,0,,,,,0,0,0,,10.4,9,10.4,9,0.6,1,0,1,1,0,0,0,0,,0,0,0,0,0,2,1,0,0,1,0,0,0,0,0
"FSA Costs Multiplier 4 Fee Shifting Multiplier 0.5 Risk Neutral Noise 0.5,2","-1.776E-15","478","Truly Not Liable MutOptLiability1",0.0742,0,0.0742179,0.372063,1,0,1,1,,,,,0,,,,,0,0,0,,10.4,9,10.4,9,0.6,1,0,1,1,0,0,0,0,,0,0,0,0,0,1,1,0,0,1,0,0,0,0,0
"FSA Costs Multiplier 4 Fee Shifting Multiplier 0.5 Risk Neutral Noise 0.5,2","-1.776E-15","478","Truly Not Liable MutOptLiability0",0.1439,0,0.143905,0.264359,1,0,1,1,,,,,0,,,,,0,0,0,,10.4,9,10.4,9,0.6,1,0,1,1,0,0,0,0,,0,0,0,0,0,0,1,0,0,1,0,0,0,0,0
"FSA Costs Multiplier 4 Fee Shifting Multiplier 0.5 Risk Neutral Noise 0.5,2","-1.776E-15","478","Truly Not Liable MutOptLiability-1",0.1226,0,0.122604,0.254474,1,0,1,1,,,,,0,,,,,0,0,0,,10.4,9,10.4,9,0.6,1,0,1,1,0,0,0,0,,0,0,0,0,0,-1,1,0,0,1,0,0,0,0,0
"FSA Costs Multiplier 4 Fee Shifting Multiplier 0.5 Risk Neutral Noise 0.5,2","-1.776E-15","478","Truly Not Liable MutOptLiability-2",0.0798,0,0.0797898,0.233007,1,0,1,1,,,,,0,,,,,0,0,0,,10.4,9,10.4,9,0.6,1,0,1,1,0,0,0,0,,0,0,0,0,0,-2,1,0,0,1,0,0,0,0,0
"FSA Costs Multiplier 4 Fee Shifting Multiplier 0.5 Risk Neutral Noise 0.5,2","-1.776E-15","478","Truly Not Liable MutOptLiability-3",0.0374,0,0.0374458,0.195522,1,0,1,1,,,,,0,,,,,0,0,0,,10.4,9,10.4,9,0.6,1,0,1,1,0,0,0,0,,0,0,0,0,0,-3,1,0,0,1,0,0,0,0,0
"FSA Costs Multiplier 4 Fee Shifting Multiplier 0.5 Risk Neutral Noise 0.5,2","-1.776E-15","478","Truly Not Liable MutOptLiability-4",0.0106,0,0.0106007,0.142639,1,0,1,1,,,,,0,,,,,0,0,0,,10.4,9,10.4,9,0.6,1,0,1,1,0,0,0,0,,0,0,0,0,0,-4,1,0,0,1,0,0,0,0,0
"FSA Costs Multiplier 4 Fee Shifting Multiplier 0.5 Risk Neutral Noise 0.5,2","-1.776E-15","478","Truly Not Liable MutOptLiability-5",0,0,0,,,,,,,,,,,,,,,,,,,,,,,,,,,,,,,,,,,,,,,,,,,,,,,
"FSA Costs Multiplier 4 Fee Shifting Multiplier 0.5 Risk Neutral Noise 0.5,2","-1.776E-15","478","High Quality",0,0,0,,,,,,,,,,,,,,,,,,,,,,,,,,,,,,,,,,,,,,,,,,,,,,,
"FSA Costs Multiplier 4 Fee Shifting Multiplier 0.5 Risk Neutral Noise 0.5,2","-1.776E-15","478","High Quality Liable MutOptLiability5",0,0,0,,,,,,,,,,,,,,,,,,,,,,,,,,,,,,,,,,,,,,,,,,,,,,,
"FSA Costs Multiplier 4 Fee Shifting Multiplier 0.5 Risk Neutral Noise 0.5,2","-1.776E-15","478","High Quality Liable MutOptLiability4",0,0,0,,,,,,,,,,,,,,,,,,,,,,,,,,,,,,,,,,,,,,,,,,,,,,,
"FSA Costs Multiplier 4 Fee Shifting Multiplier 0.5 Risk Neutral Noise 0.5,2","-1.776E-15","478","High Quality Liable MutOptLiability3",0,0,0,,,,,,,,,,,,,,,,,,,,,,,,,,,,,,,,,,,,,,,,,,,,,,,
"FSA Costs Multiplier 4 Fee Shifting Multiplier 0.5 Risk Neutral Noise 0.5,2","-1.776E-15","478","High Quality Liable MutOptLiability2",0,0,0,,,,,,,,,,,,,,,,,,,,,,,,,,,,,,,,,,,,,,,,,,,,,,,
"FSA Costs Multiplier 4 Fee Shifting Multiplier 0.5 Risk Neutral Noise 0.5,2","-1.776E-15","478","High Quality Liable MutOptLiability1",0,0,0,,,,,,,,,,,,,,,,,,,,,,,,,,,,,,,,,,,,,,,,,,,,,,,
"FSA Costs Multiplier 4 Fee Shifting Multiplier 0.5 Risk Neutral Noise 0.5,2","-1.776E-15","478","High Quality Liable MutOptLiability0",0,0,0,,,,,,,,,,,,,,,,,,,,,,,,,,,,,,,,,,,,,,,,,,,,,,,
"FSA Costs Multiplier 4 Fee Shifting Multiplier 0.5 Risk Neutral Noise 0.5,2","-1.776E-15","478","High Quality Liable MutOptLiability-1",0,0,0,,,,,,,,,,,,,,,,,,,,,,,,,,,,,,,,,,,,,,,,,,,,,,,
"FSA Costs Multiplier 4 Fee Shifting Multiplier 0.5 Risk Neutral Noise 0.5,2","-1.776E-15","478","High Quality Liable MutOptLiability-2",0,0,0,,,,,,,,,,,,,,,,,,,,,,,,,,,,,,,,,,,,,,,,,,,,,,,
"FSA Costs Multiplier 4 Fee Shifting Multiplier 0.5 Risk Neutral Noise 0.5,2","-1.776E-15","478","High Quality Liable MutOptLiability-3",0,0,0,,,,,,,,,,,,,,,,,,,,,,,,,,,,,,,,,,,,,,,,,,,,,,,
"FSA Costs Multiplier 4 Fee Shifting Multiplier 0.5 Risk Neutral Noise 0.5,2","-1.776E-15","478","High Quality Liable MutOptLiability-4",0,0,0,,,,,,,,,,,,,,,,,,,,,,,,,,,,,,,,,,,,,,,,,,,,,,,
"FSA Costs Multiplier 4 Fee Shifting Multiplier 0.5 Risk Neutral Noise 0.5,2","-1.776E-15","478","High Quality Liable MutOptLiability-5",0,0,0,,,,,,,,,,,,,,,,,,,,,,,,,,,,,,,,,,,,,,,,,,,,,,,
"FSA Costs Multiplier 4 Fee Shifting Multiplier 0.5 Risk Neutral Noise 0.5,2","-1.776E-15","478","PLiabilitySignal 1",0.2137,0,0.21366,0.12847,1,0,1,1,,,,,0,,,,,0,0,0,,10.4,9,10.4,9,0.6,0.941384,0.0351697,0.976554,0.941384,0.0211018,0,0,0,,0,0,0,0.0586162,0,-1.28736,1,0,0,1,0,0,0,0,0
"FSA Costs Multiplier 4 Fee Shifting Multiplier 0.5 Risk Neutral Noise 0.5,2","-1.776E-15","478","PLiabilitySignal 2",0.1989,0,0.19889,0.284476,1,0,1,1,,,,,0,,,,,0,0,0,,10.4,9,10.4,9,0.6,0.813444,0.111933,0.925378,0.813444,0.0671601,0,0,0,,0,0,0,0.186556,0,-0.57544,1,0,0,1,0,0,0,0,0
"FSA Costs Multiplier 4 Fee Shifting Multiplier 0.5 Risk Neutral Noise 0.5,2","-1.776E-15","478","PLiabilitySignal 3",0.1749,0,0.17489,0.5,1,0,1,1,,,,,0,,,,,0,0,0,,10.4,9,10.4,9,0.6,0.499999,0.3,0.8,0.499999,0.18,0,0,0,,0,0,0,0.500001,0,-2E-05,1,0,0,1,0,0,0,0,0
"FSA Costs Multiplier 4 Fee Shifting Multiplier 0.5 Risk Neutral Noise 0.5,2","-1.776E-15","478","PLiabilitySignal 4",0.1989,0,0.19889,0.715524,1,0,1,1,,,,,0,,,,,0,0,0,,10.4,9,10.4,9,0.6,0.186556,0.488067,0.674622,0.186556,0.29284,0,0,0,,0,0,0,0.813444,0,0.57544,1,0,0,1,0,0,0,0,0
"FSA Costs Multiplier 4 Fee Shifting Multiplier 0.5 Risk Neutral Noise 0.5,2","-1.776E-15","478","PLiabilitySignal 5",0.2137,0,0.21367,0.871529,1,0,1,1,,,,,0,,,,,0,0,0,,10.4,9,10.4,9,0.6,0.0586164,0.56483,0.623447,0.0586164,0.338898,0,0,0,,0,0,0,0.941384,0,1.2874,1,0,0,1,0,0,0,0,0
"FSA Costs Multiplier 4 Fee Shifting Multiplier 0.5 Risk Neutral Noise 0.5,2","-1.776E-15","478","DLiabilitySignal 1",0.1748,0,0.17483,0.318054,1,0,1,1,,,,,0,,,,,0,0,0,,10.4,9,10.4,9,0.6,0.725516,0.16469,0.890206,0.725516,0.0988143,0,0,0,,0,0,0,0.274484,0,1.16183,1,0,0,1,0,0,0,0,0
"FSA Costs Multiplier 4 Fee Shifting Multiplier 0.5 Risk Neutral Noise 0.5,2","-1.776E-15","478","DLiabilitySignal 2",0.2123,0,0.212276,0.402082,1,0,1,1,,,,,0,,,,,0,0,0,,10.4,9,10.4,9,0.6,0.622,0.2268,0.8488,0.622,0.13608,0,0,0,,0,0,0,0.378,0,0.548339,1,0,0,1,0,0,0,0,0
"FSA Costs Multiplier 4 Fee Shifting Multiplier 0.5 Risk Neutral Noise 0.5,2","-1.776E-15","478","DLiabilitySignal 3",0.2258,0,0.225786,0.500003,1,0,1,1,,,,,0,,,,,0,0,0,,10.4,9,10.4,9,0.6,0.499996,0.300002,0.799998,0.499996,0.180001,0,0,0,,0,0,0,0.500004,0,1.86726E-05,1,0,0,1,0,0,0,0,0
"FSA Costs Multiplier 4 Fee Shifting Multiplier 0.5 Risk Neutral Noise 0.5,2","-1.776E-15","478","DLiabilitySignal 4",0.2123,0,0.212278,0.597924,1,0,1,1,,,,,0,,,,,0,0,0,,10.4,9,10.4,9,0.6,0.377993,0.373204,0.751197,0.377993,0.223923,0,0,0,,0,0,0,0.622007,0,-0.548304,1,0,0,1,0,0,0,0,0
"FSA Costs Multiplier 4 Fee Shifting Multiplier 0.5 Risk Neutral Noise 0.5,2","-1.776E-15","478","DLiabilitySignal 5",0.1748,0,0.174831,0.681953,1,0,1,1,,,,,0,,,,,0,0,0,,10.4,9,10.4,9,0.6,0.274474,0.435315,0.70979,0.274474,0.261189,0,0,0,,0,0,0,0.725526,0,-1.16178,1,0,0,1,0,0,0,0,0
"FSA Costs Multiplier 4 Fee Shifting Multiplier 0.5 Risk Neutral Noise 0.5,2","-1.776E-15","478","PDoesntFile",0,0,0,,,,,,,,,,,,,,,,,,,,,,,,,,,,,,,,,,,,,,,,,,,,,,,
"FSA Costs Multiplier 4 Fee Shifting Multiplier 0.5 Risk Neutral Noise 0.5,2","-1.776E-15","478","P Files",1,0,1,0.500004,1,0,1,1,,,,,0,,,,,0,0,0,,10.4,9,10.4,9,0.6,0.499996,0.300003,0.799998,0.499996,0.180002,0,0,0,,0,0,0,0.500004,0,1.79226E-05,1,0,0,1,0,0,0,0,0
"FSA Costs Multiplier 4 Fee Shifting Multiplier 0.5 Risk Neutral Noise 0.5,2","-1.776E-15","478","DDoesntAnswer",1,0,1,0.500004,1,0,1,1,,,,,0,,,,,0,0,0,,10.4,9,10.4,9,0.6,0.499996,0.300003,0.799998,0.499996,0.180002,0,0,0,,0,0,0,0.500004,0,1.79226E-05,1,0,0,1,0,0,0,0,0
"FSA Costs Multiplier 4 Fee Shifting Multiplier 0.5 Risk Neutral Noise 0.5,2","-1.776E-15","478","D Answers",0,0,0,,,,,,,,,,,,,,,,,,,,,,,,,,,,,,,,,,,,,,,,,,,,,,,
"FSA Costs Multiplier 4 Fee Shifting Multiplier 0.5 Risk Neutral Noise 0.5,2","-1.776E-15","478","Settles1",0,0,0,,,,,,,,,,,,,,,,,,,,,,,,,,,,,,,,,,,,,,,,,,,,,,,
"FSA Costs Multiplier 4 Fee Shifting Multiplier 0.5 Risk Neutral Noise 0.5,2","-1.776E-15","478","DoesntSettle1",0,0,0,,,,,,,,,,,,,,,,,,,,,,,,,,,,,,,,,,,,,,,,,,,,,,,
"FSA Costs Multiplier 4 Fee Shifting Multiplier 0.5 Risk Neutral Noise 0.5,2","-1.776E-15","478","PAbandons1",0,0,0,,,,,,,,,,,,,,,,,,,,,,,,,,,,,,,,,,,,,,,,,,,,,,,
"FSA Costs Multiplier 4 Fee Shifting Multiplier 0.5 Risk Neutral Noise 0.5,2","-1.776E-15","478","PDoesntAbandon1",0,0,0,,,,,,,,,,,,,,,,,,,,,,,,,,,,,,,,,,,,,,,,,,,,,,,
"FSA Costs Multiplier 4 Fee Shifting Multiplier 0.5 Risk Neutral Noise 0.5,2","-1.776E-15","478","DDefaults1",0,0,0,,,,,,,,,,,,,,,,,,,,,,,,,,,,,,,,,,,,,,,,,,,,,,,
"FSA Costs Multiplier 4 Fee Shifting Multiplier 0.5 Risk Neutral Noise 0.5,2","-1.776E-15","478","DDoesntDefault1",0,0,0,,,,,,,,,,,,,,,,,,,,,,,,,,,,,,,,,,,,,,,,,,,,,,,
"FSA Costs Multiplier 4 Fee Shifting Multiplier 0.5 Risk Neutral Noise 0.5,2","-1.776E-15","478","POrDQuits1",0,0,0,,,,,,,,,,,,,,,,,,,,,,,,,,,,,,,,,,,,,,,,,,,,,,,
"FSA Costs Multiplier 4 Fee Shifting Multiplier 0.5 Risk Neutral Noise 0.5,2","-1.776E-15","478","P Loses",0,0,0,,,,,,,,,,,,,,,,,,,,,,,,,,,,,,,,,,,,,,,,,,,,,,,
"FSA Costs Multiplier 4 Fee Shifting Multiplier 0.5 Risk Neutral Noise 0.5,2","-1.776E-15","478","P Wins",0,0,0,,,,,,,,,,,,,,,,,,,,,,,,,,,,,,,,,,,,,,,,,,,,,,,
