"OptionSet","Exploit","Refine","Seconds","Filter","All","NoDispute","DisputeArises","LitigQuality","PFiles","DAnswers","PBargains1","DBargains1","POffer1","DOffer1","POfferMixedness1","DOfferMixedness1","Settles1","PBet1","DBet1","PBetMixedness1","DBetMixedness1","PAbandons1","DDefaults1","Trial","PWinPct","PWealth","DWealth","TotWealth","WealthLoss","PWelfare","DWelfare","TotExpense","False+","False-","False+-","False+^2","False-^2","PDSWelfareLoss","SWelfareLoss","Chips","Settles","ValIfSettled","PAbandons","DDefaults","BothReadyToGiveUp","TrulyLiable","PrimaryAction","MutualOptimism","P Files","D Answers","PDoesntFile","DDoesntAnswer","SettlesBR1","PAbandonsBR1","DDefaultsBR1","P Loses","P Wins"
"FSA Costs Multiplier 0.25 Fee Shifting Multiplier 2 Moderately Risk Averse Noise 0.25,0.25","0.01072","0.9987","1","All",1,0,1,0.499999,1,1,1,1,0.567351,0.432647,,,0.831534,,,,,0,0,0.168466,0.500005,10.4562,9.45618,19.9124,0.0876349,1000.08,999.383,0.0876349,0.150748,0.140949,0.291697,0.107599,0.105395,0,0.0876349,0,0.831534,0.499999,0,0,0,0.5,0,-3.36759E-06,1,1,0,0,0.831534,0,0,0.084232,0.0842339
"FSA Costs Multiplier 0.25 Fee Shifting Multiplier 2 Moderately Risk Averse Noise 0.25,0.25","0.01072","0.9987","1","NoDispute",0,0,0,,,,,,,,,,,,,,,,,,,,,,,,,,,,,,,,,,,,,,,,,,,,,,,,,,
"FSA Costs Multiplier 0.25 Fee Shifting Multiplier 2 Moderately Risk Averse Noise 0.25,0.25","0.01072","0.9987","1","DisputeArises",1,0,1,0.499999,1,1,1,1,0.567351,0.432647,,,0.831534,,,,,0,0,0.168466,0.500005,10.4562,9.45618,19.9124,0.0876349,1000.08,999.383,0.0876349,0.150748,0.140949,0.291697,0.107599,0.105395,0,0.0876349,0,0.831534,0.499999,0,0,0,0.5,0,-3.36759E-06,1,1,0,0,0.831534,0,0,0.084232,0.0842339
"FSA Costs Multiplier 0.25 Fee Shifting Multiplier 2 Moderately Risk Averse Noise 0.25,0.25","0.01072","0.9987","1","PFiles",1,0,1,0.499999,1,1,1,1,0.567351,0.432647,,,0.831534,,,,,0,0,0.168466,0.500005,10.4562,9.45618,19.9124,0.0876349,1000.08,999.383,0.0876349,0.150748,0.140949,0.291697,0.107599,0.105395,0,0.0876349,0,0.831534,0.499999,0,0,0,0.5,0,-3.36759E-06,1,1,0,0,0.831534,0,0,0.084232,0.0842339
"FSA Costs Multiplier 0.25 Fee Shifting Multiplier 2 Moderately Risk Averse Noise 0.25,0.25","0.01072","0.9987","1","DAnswers",1,0,1,0.499999,1,1,1,1,0.567351,0.432647,,,0.831534,,,,,0,0,0.168466,0.500005,10.4562,9.45618,19.9124,0.0876349,1000.08,999.383,0.0876349,0.150748,0.140949,0.291697,0.107599,0.105395,0,0.0876349,0,0.831534,0.499999,0,0,0,0.5,0,-3.36759E-06,1,1,0,0,0.831534,0,0,0.084232,0.0842339
"FSA Costs Multiplier 0.25 Fee Shifting Multiplier 2 Moderately Risk Averse Noise 0.25,0.25","0.01072","0.9987","1","Litigated",1,0,1,0.499999,1,1,1,1,0.567351,0.432647,,,0.831534,,,,,0,0,0.168466,0.500005,10.4562,9.45618,19.9124,0.0876349,1000.08,999.383,0.0876349,0.150748,0.140949,0.291697,0.107599,0.105395,0,0.0876349,0,0.831534,0.499999,0,0,0,0.5,0,-3.36759E-06,1,1,0,0,0.831534,0,0,0.084232,0.0842339
"FSA Costs Multiplier 0.25 Fee Shifting Multiplier 2 Moderately Risk Averse Noise 0.25,0.25","0.01072","0.9987","1","Not Litigated",0,0,0,,,,,,,,,,,,,,,,,,,,,,,,,,,,,,,,,,,,,,,,,,,,,,,,,,
"FSA Costs Multiplier 0.25 Fee Shifting Multiplier 2 Moderately Risk Averse Noise 0.25,0.25","0.01072","0.9987","1","Settles",0.8315,0,0.831534,0.499999,1,1,1,1,0.499957,0.50004,,,1,,,,,0,0,0,,10.4625,9.4625,19.925,0.075,1000.09,999.455,0.075,0.109567,0.109567,0.219134,0.0533228,0.0533231,0,0.075,0,1,0.499999,0,0,0,0.499999,0,-0.0193584,1,1,0,0,1,0,0,0,0
"FSA Costs Multiplier 0.25 Fee Shifting Multiplier 2 Moderately Risk Averse Noise 0.25,0.25","0.01072","0.9987","1","Tried",0.1685,0,0.168466,0.500002,1,1,1,1,0.9,0.1,,,0,,,,,0,0,1,0.500005,10.425,9.42499,19.85,0.15,1000.03,999.025,0.15,0.354013,0.295849,0.649862,0.375504,0.362415,0,0.15,0,0,,0,0,0,0.500004,0,0.0955314,1,1,0,0,0,0,0,0.499995,0.500005
"FSA Costs Multiplier 0.25 Fee Shifting Multiplier 2 Moderately Risk Averse Noise 0.25,0.25","0.01072","0.9987","1","PWins",0.0842,0,0.0842339,0.510276,1,1,1,1,0.9,0.1,,,0,,,,,0,0,1,1,11.075,8.775,19.85,0.15,1000.16,998.024,0.15,0.708018,0,0.708018,0.751001,0,0,0.15,0,0,,0,0,0,0.516982,0,0.0955495,1,1,0,0,0,0,0,0,1
"FSA Costs Multiplier 0.25 Fee Shifting Multiplier 2 Moderately Risk Averse Noise 0.25,0.25","0.01072","0.9987","1","DWins",0.0842,0,0.084232,0.489728,1,1,1,1,0.9,0.1,,,0,,,,,0,0,1,0,9.775,10.075,19.85,0.15,999.894,1000.03,0.15,0,0.591705,0.591705,0,0.724839,0,0.15,0,0,,0,0,0,0.483024,0,0.0955132,1,1,0,0,0,0,0,1,0
"FSA Costs Multiplier 0.25 Fee Shifting Multiplier 2 Moderately Risk Averse Noise 0.25,0.25","0.01072","0.9987","1","Abandoned",0,0,0,,,,,,,,,,,,,,,,,,,,,,,,,,,,,,,,,,,,,,,,,,,,,,,,,,
"FSA Costs Multiplier 0.25 Fee Shifting Multiplier 2 Moderately Risk Averse Noise 0.25,0.25","0.01072","0.9987","1","Rounds1",1,0,1,0.499999,1,1,1,1,0.567351,0.432647,,,0.831534,,,,,0,0,0.168466,0.500005,10.4562,9.45618,19.9124,0.0876349,1000.08,999.383,0.0876349,0.150748,0.140949,0.291697,0.107599,0.105395,0,0.0876349,0,0.831534,0.499999,0,0,0,0.5,0,-3.36759E-06,1,1,0,0,0.831534,0,0,0.084232,0.0842339
"FSA Costs Multiplier 0.25 Fee Shifting Multiplier 2 Moderately Risk Averse Noise 0.25,0.25","0.01072","0.9987","1","PrePrimary1",0,0,0,,,,,,,,,,,,,,,,,,,,,,,,,,,,,,,,,,,,,,,,,,,,,,,,,,
"FSA Costs Multiplier 0.25 Fee Shifting Multiplier 2 Moderately Risk Averse Noise 0.25,0.25","0.01072","0.9987","1","PrePrimary2",0,0,0,,,,,,,,,,,,,,,,,,,,,,,,,,,,,,,,,,,,,,,,,,,,,,,,,,
"FSA Costs Multiplier 0.25 Fee Shifting Multiplier 2 Moderately Risk Averse Noise 0.25,0.25","0.01072","0.9987","1","PrePrimary3",0,0,0,,,,,,,,,,,,,,,,,,,,,,,,,,,,,,,,,,,,,,,,,,,,,,,,,,
"FSA Costs Multiplier 0.25 Fee Shifting Multiplier 2 Moderately Risk Averse Noise 0.25,0.25","0.01072","0.9987","1","PrePrimary4",0,0,0,,,,,,,,,,,,,,,,,,,,,,,,,,,,,,,,,,,,,,,,,,,,,,,,,,
"FSA Costs Multiplier 0.25 Fee Shifting Multiplier 2 Moderately Risk Averse Noise 0.25,0.25","0.01072","0.9987","1","PrePrimary5",0,0,0,,,,,,,,,,,,,,,,,,,,,,,,,,,,,,,,,,,,,,,,,,,,,,,,,,
"FSA Costs Multiplier 0.25 Fee Shifting Multiplier 2 Moderately Risk Averse Noise 0.25,0.25","0.01072","0.9987","1","PrePrimary6",0,0,0,,,,,,,,,,,,,,,,,,,,,,,,,,,,,,,,,,,,,,,,,,,,,,,,,,
"FSA Costs Multiplier 0.25 Fee Shifting Multiplier 2 Moderately Risk Averse Noise 0.25,0.25","0.01072","0.9987","1","PrePrimary7",0,0,0,,,,,,,,,,,,,,,,,,,,,,,,,,,,,,,,,,,,,,,,,,,,,,,,,,
"FSA Costs Multiplier 0.25 Fee Shifting Multiplier 2 Moderately Risk Averse Noise 0.25,0.25","0.01072","0.9987","1","PrePrimary8",0,0,0,,,,,,,,,,,,,,,,,,,,,,,,,,,,,,,,,,,,,,,,,,,,,,,,,,
"FSA Costs Multiplier 0.25 Fee Shifting Multiplier 2 Moderately Risk Averse Noise 0.25,0.25","0.01072","0.9987","1","PrePrimary9",0,0,0,,,,,,,,,,,,,,,,,,,,,,,,,,,,,,,,,,,,,,,,,,,,,,,,,,
"FSA Costs Multiplier 0.25 Fee Shifting Multiplier 2 Moderately Risk Averse Noise 0.25,0.25","0.01072","0.9987","1","PrePrimary10",0,0,0,,,,,,,,,,,,,,,,,,,,,,,,,,,,,,,,,,,,,,,,,,,,,,,,,,
"FSA Costs Multiplier 0.25 Fee Shifting Multiplier 2 Moderately Risk Averse Noise 0.25,0.25","0.01072","0.9987","1","Truly Liable",0.5,0,0.5,0.716723,1,1,1,1,0.832084,0.697379,,,0.831533,,,,,0,0,0.168467,0.516984,10.7246,9.18773,19.9124,0.087635,1000.12,999.056,0.087635,0.0195964,0.281898,0.301495,0.00440918,0.210789,0,0.087635,0,0.831533,0.818366,0,0,0,1,0,-1.68407E-06,1,1,0,0,0.831533,0,0,0.0813724,0.0870949
"FSA Costs Multiplier 0.25 Fee Shifting Multiplier 2 Moderately Risk Averse Noise 0.25,0.25","0.01072","0.9987","1","Truly Not Liable",0.5,0,0.5,0.283276,1,1,1,1,0.302618,0.167915,,,0.831535,,,,,0,0,0.168465,0.483026,10.1877,9.72463,19.9124,0.0876348,1000.03,999.71,0.0876348,0.281899,0,0.281899,0.210789,0,0,0.0876348,0,0.831535,0.181633,0,0,0,0,0,-5.05111E-06,1,1,0,0,0.831535,0,0,0.0870917,0.0813728
"FSA Costs Multiplier 0.25 Fee Shifting Multiplier 2 Moderately Risk Averse Noise 0.25,0.25","0.01072","0.9987","1","AllCount",174,0,174,0.499999,174,174,174,174,0.567351,0.432647,,,144.687,,,,,0,0,29.3131,44.0005,10.4562,9.45618,19.9124,0.0876349,1000.08,999.383,0.0876349,0.150748,0.140949,0.291697,0.107599,0.105395,0,0.0876349,0,144.687,0.499999,0,0,0,86.9999,0,-3.36759E-06,174,174,0,0,144.687,0,0,14.6564,14.6567
"FSA Costs Multiplier 0.25 Fee Shifting Multiplier 2 Moderately Risk Averse Noise 0.25,0.25","0.01072","0.9987","1","Liability Strength1",0.2261,0,0.226108,0.1,1,1,1,1,0.1,0.1,,,1,,,,,0,0,1.005E-9,6.8164E-16,10.0625,9.8625,19.925,0.075,1000.02,999.941,0.075,0.132005,0.0374679,0.169473,0.0181506,0.0351261,0,0.075,0,1,0.1,0,0,0,0.0399657,0,5.61561E-07,1,1,0,0,1,0,0,1.00522E-9,6.852E-25
"FSA Costs Multiplier 0.25 Fee Shifting Multiplier 2 Moderately Risk Averse Noise 0.25,0.25","0.01072","0.9987","1","Liability Strength2",0.1902,0,0.190224,0.3,1,1,1,1,0.118196,0.1,,,0.977255,,,,,0,0,0.022745,3.1686E-05,10.056,9.86733,19.9233,0.0767058,1000.02,999.943,0.0767058,0.111599,0.160004,0.271603,0.0153456,0.151362,0,0.0767058,0,0.977255,0.1,0,0,0,0.169489,0,-1.64751E-05,1,1,0,0,0.977255,0,0,0.0227438,7.2068E-7
"FSA Costs Multiplier 0.25 Fee Shifting Multiplier 2 Moderately Risk Averse Noise 0.25,0.25","0.01072","0.9987","1","Liability Strength3",0.1673,0,0.167337,0.5,1,1,1,1,0.881803,0.118195,,,0.0449777,,,,,0,0,0.955022,0.5,10.4267,9.42669,19.8534,0.146627,1000.03,999.045,0.146627,0.358283,0.304564,0.662847,0.380424,0.368337,0,0.146627,0,0.0449777,0.499981,0,0,0,0.5,0,-3.23249E-11,1,1,0,0,0.0449777,0,0,0.477511,0.477511
"FSA Costs Multiplier 0.25 Fee Shifting Multiplier 2 Moderately Risk Averse Noise 0.25,0.25","0.01072","0.9987","1","Liability Strength4",0.1902,0,0.190226,0.7,1,1,1,1,0.9,0.881797,,,0.977246,,,,,0,0,0.022754,0.999968,10.8673,9.05596,19.9233,0.0767065,1000.15,998.948,0.0767065,0.164257,0.111598,0.275854,0.152319,0.0153455,0,0.0767065,0,0.977246,0.9,0,0,0,0.830511,0,-1.22814E-06,1,1,0,0,0.977246,0,0,7.20981E-7,0.0227532
"FSA Costs Multiplier 0.25 Fee Shifting Multiplier 2 Moderately Risk Averse Noise 0.25,0.25","0.01072","0.9987","1","Liability Strength5",0.2261,0,0.226105,0.9,1,1,1,1,0.9,0.9,,,1,,,,,0,0,1.019E-9,1,10.8625,9.0625,19.925,0.075,1000.15,998.97,0.075,0.0374679,0.132005,0.169473,0.0351261,0.0181506,0,0.075,0,1,0.9,0,0,0,0.960034,0,-5.61601E-07,1,1,0,0,1,0,0,6.3699E-25,1.0194E-9
"FSA Costs Multiplier 0.25 Fee Shifting Multiplier 2 Moderately Risk Averse Noise 0.25,0.25","0.01072","0.9987","1","PLiabilitySignal1",0.2252,0,0.225172,0.103845,1,1,1,1,0.1,0.1,,,1,,,,,0,0,0,,10.0625,9.8625,19.925,0.075,1000.02,999.941,0.075,0.131662,0.0398021,0.171464,0.0181036,0.0373144,0,0.075,0,1,0.1,0,0,0,0.0424556,0,-0.0420596,1,1,0,0,1,0,0,0,0
"FSA Costs Multiplier 0.25 Fee Shifting Multiplier 2 Moderately Risk Averse Noise 0.25,0.25","0.01072","0.9987","1","PLiabilitySignal2",0.1906,0,0.19064,0.29847,1,1,1,1,0.1,0.10036,,,1,,,,,0,0,0,,10.0627,9.86232,19.925,0.075,1000.02,999.941,0.075,0.11387,0.16164,0.275509,0.0157055,0.151489,0,0.075,0,1,0.10018,0,0,0,0.172512,0,0.00701,1,1,0,0,1,0,0,0,0
"FSA Costs Multiplier 0.25 Fee Shifting Multiplier 2 Moderately Risk Averse Noise 0.25,0.25","0.01072","0.9987","1","PLiabilitySignal3",0.1684,0,0.16838,0.500002,1,1,1,1,0.9,0.13736,,,0.0467,,,,,0,0,0.9533,0.486831,10.4291,9.42439,19.8535,0.146498,1000.03,999.048,0.146498,0.350383,0.293587,0.64397,0.37291,0.354911,0,0.146498,0,0.0467,0.9,0,0,0,0.500003,0,-2E-05,1,1,0,0,0.0467,0,0,0.489204,0.464096
"FSA Costs Multiplier 0.25 Fee Shifting Multiplier 2 Moderately Risk Averse Noise 0.25,0.25","0.01072","0.9987","1","PLiabilitySignal4",0.1906,0,0.19064,0.70153,1,1,1,1,0.9,0.867056,,,0.95882,,,,,0,0,0.04118,0.763077,10.8586,9.06334,19.9219,0.0780885,1000.15,998.951,0.0780885,0.164761,0.11594,0.280701,0.153808,0.0224408,0,0.0780885,0,0.95882,0.9,0,0,0,0.827488,0,-0.00701,1,1,0,0,0.95882,0,0,0.00975649,0.0314235
"FSA Costs Multiplier 0.25 Fee Shifting Multiplier 2 Moderately Risk Averse Noise 0.25,0.25","0.01072","0.9987","1","PLiabilitySignal5",0.2252,0,0.225169,0.896155,1,1,1,1,0.9,0.899648,,,0.99956,,,,,0,0,0.00044,0.999968,10.8626,9.06237,19.925,0.075033,1000.15,998.97,0.075033,0.0399058,0.131612,0.171518,0.0373793,0.0180967,0,0.075033,0,0.99956,0.9,0,0,0,0.957544,0,0.04206,1,1,0,0,0.99956,0,0,1.42952E-8,0.00044
"FSA Costs Multiplier 0.25 Fee Shifting Multiplier 2 Moderately Risk Averse Noise 0.25,0.25","0.01072","0.9987","1","DLiabilitySignal1",0.2252,0,0.225171,0.103843,1,1,1,1,0.100347,0.1,,,0.999566,,,,,0,0,0.000434,3.24891E-5,10.0624,9.86259,19.925,0.0750325,1000.02,999.941,0.0750325,0.131613,0.0398225,0.171435,0.0180968,0.0373595,0,0.0750325,0,0.999566,0.1,0,0,0,0.0424548,0,0.0420483,1,1,0,0,0.999566,0,0,0.0004337,1.4091E-8
"FSA Costs Multiplier 0.25 Fee Shifting Multiplier 2 Moderately Risk Averse Noise 0.25,0.25","0.01072","0.9987","1","DLiabilitySignal2",0.1906,0,0.190639,0.29847,1,1,1,1,0.132941,0.1,,,0.958824,,,,,0,0,0.041176,0.236923,10.0633,9.85857,19.9219,0.0780882,1000.02,999.925,0.0780882,0.117037,0.159614,0.276652,0.0226871,0.15265,0,0.0780882,0,0.958824,0.1,0,0,0,0.172511,0,-0.00701285,1,1,0,0,0.958824,0,0,0.0314206,0.0097556
"FSA Costs Multiplier 0.25 Fee Shifting Multiplier 2 Moderately Risk Averse Noise 0.25,0.25","0.01072","0.9987","1","DLiabilitySignal3",0.1684,0,0.168382,0.5,1,1,1,1,0.862638,0.1,,,0.0467022,,,,,0,0,0.953298,0.513175,10.4244,9.4291,19.8535,0.146497,1000.03,999.043,0.146497,0.350533,0.298126,0.648659,0.367722,0.361148,0,0.146497,0,0.0467022,0.1,0,0,0,0.5,0,-1.1427E-17,1,1,0,0,0.0467022,0,0,0.464089,0.489209
"FSA Costs Multiplier 0.25 Fee Shifting Multiplier 2 Moderately Risk Averse Noise 0.25,0.25","0.01072","0.9987","1","DLiabilitySignal4",0.1906,0,0.190639,0.70153,1,1,1,1,0.89964,0.9,,,1,,,,,0,0,0,,10.8623,9.06268,19.925,0.075,1000.15,998.97,0.075,0.161639,0.11387,0.275509,0.151488,0.0157055,0,0.075,0,1,0.89982,0,0,0,0.827489,0,0.00701285,1,1,0,0,1,0,0,0,0
"FSA Costs Multiplier 0.25 Fee Shifting Multiplier 2 Moderately Risk Averse Noise 0.25,0.25","0.01072","0.9987","1","DLiabilitySignal5",0.2252,0,0.22517,0.896155,1,1,1,1,0.9,0.9,,,1,,,,,0,0,0,,10.8625,9.0625,19.925,0.075,1000.15,998.97,0.075,0.0398023,0.131662,0.171465,0.0373147,0.0181036,0,0.075,0,1,0.9,0,0,0,0.957544,0,-0.0420633,1,1,0,0,1,0,0,0,0
"FSA Costs Multiplier 0.25 Fee Shifting Multiplier 2 Moderately Risk Averse Noise 0.25,0.25","0.01072","0.9987","1","MutOptLiability5",0,0,0,,,,,,,,,,,,,,,,,,,,,,,,,,,,,,,,,,,,,,,,,,,,,,,,,,
"FSA Costs Multiplier 0.25 Fee Shifting Multiplier 2 Moderately Risk Averse Noise 0.25,0.25","0.01072","0.9987","1","MutOptLiability4",0,0,0,,,,,,,,,,,,,,,,,,,,,,,,,,,,,,,,,,,,,,,,,,,,,,,,,,
"FSA Costs Multiplier 0.25 Fee Shifting Multiplier 2 Moderately Risk Averse Noise 0.25,0.25","0.01072","0.9987","1","MutOptLiability3",0,0,0,,,,,,,,,,,,,,,,,,,,,,,,,,,,,,,,,,,,,,,,,,,,,,,,,,
"FSA Costs Multiplier 0.25 Fee Shifting Multiplier 2 Moderately Risk Averse Noise 0.25,0.25","0.01072","0.9987","1","MutOptLiability2",0.0003,0,0.000282523,0.501001,1,1,1,1,0.9,0.1,,,0,,,,,0,0,1,0.502503,10.4283,9.42175,19.85,0.15,1000.03,999.02,0.15,0.248419,0.164771,0.41319,0.221705,0.201845,0,0.15,0,0,,0,0,0,0.501655,0,2,1,1,0,0,0,0,0,0.497497,0.502503
"FSA Costs Multiplier 0.25 Fee Shifting Multiplier 2 Moderately Risk Averse Noise 0.25,0.25","0.01072","0.9987","1","MutOptLiability1",0.0341,0,0.0340739,0.5,1,1,1,1,0.682292,0.317703,,,0.544263,,,,,0,0,0.455737,0.500013,10.4454,9.4454,19.8908,0.10918,1000.06,999.259,0.10918,0.183824,0.149171,0.332995,0.146652,0.138853,0,0.10918,0,0.544263,0.499995,0,0,0,0.500001,0,1,1,1,0,0,0.544263,0,0,0.227862,0.227874
"FSA Costs Multiplier 0.25 Fee Shifting Multiplier 2 Moderately Risk Averse Noise 0.25,0.25","0.01072","0.9987","1","MutOptLiability0",0.9313,0,0.931285,0.499999,1,1,1,1,0.565566,0.434432,,,0.836082,,,,,0,0,0.163918,0.5,10.4564,9.45635,19.9127,0.0872939,1000.08,999.385,0.0872939,0.14956,0.140332,0.289892,0.106568,0.104492,0,0.0872939,0,0.836082,0.499999,0,0,0,0.499999,0,0,1,1,0,0,0.836082,0,0,0.0819591,0.0819591
"FSA Costs Multiplier 0.25 Fee Shifting Multiplier 2 Moderately Risk Averse Noise 0.25,0.25","0.01072","0.9987","1","MutOptLiability-1",0.0341,0,0.0340739,0.5,1,1,1,1,0.499994,0.499994,,,1,,,,,0,0,0,,10.4625,9.46251,19.925,0.075,1000.09,999.455,0.075,0.149105,0.14911,0.298214,0.0958342,0.0958398,0,0.075,0,1,0.499994,0,0,0,0.499999,0,-1,1,1,0,0,1,0,0,0,0
"FSA Costs Multiplier 0.25 Fee Shifting Multiplier 2 Moderately Risk Averse Noise 0.25,0.25","0.01072","0.9987","1","MutOptLiability-2",0.0003,0,0.000284206,0.50019,1,1,1,1,0.379639,0.621119,,,1,,,,,0,0,0,,10.4629,9.46212,19.925,0.075,1000.1,999.511,0.075,0.176473,0.17643,0.352903,0.101148,0.101021,0,0.075,0,1,0.500379,0,0,0,0.500313,0,-2,1,1,0,0,1,0,0,0,0
"FSA Costs Multiplier 0.25 Fee Shifting Multiplier 2 Moderately Risk Averse Noise 0.25,0.25","0.01072","0.9987","1","MutOptLiability-3",0,0,0,,,,,,,,,,,,,,,,,,,,,,,,,,,,,,,,,,,,,,,,,,,,,,,,,,
"FSA Costs Multiplier 0.25 Fee Shifting Multiplier 2 Moderately Risk Averse Noise 0.25,0.25","0.01072","0.9987","1","MutOptLiability-4",0,0,0,,,,,,,,,,,,,,,,,,,,,,,,,,,,,,,,,,,,,,,,,,,,,,,,,,
"FSA Costs Multiplier 0.25 Fee Shifting Multiplier 2 Moderately Risk Averse Noise 0.25,0.25","0.01072","0.9987","1","MutOptLiability-5",0,0,0,,,,,,,,,,,,,,,,,,,,,,,,,,,,,,,,,,,,,,,,,,,,,,,,,,
"FSA Costs Multiplier 0.25 Fee Shifting Multiplier 2 Moderately Risk Averse Noise 0.25,0.25","0.01072","0.9987","1","Truly Liable MutOptLiability5",0,0,0,,,,,,,,,,,,,,,,,,,,,,,,,,,,,,,,,,,,,,,,,,,,,,,,,,
"FSA Costs Multiplier 0.25 Fee Shifting Multiplier 2 Moderately Risk Averse Noise 0.25,0.25","0.01072","0.9987","1","Truly Liable MutOptLiability4",0,0,0,,,,,,,,,,,,,,,,,,,,,,,,,,,,,,,,,,,,,,,,,,,,,,,,,,
"FSA Costs Multiplier 0.25 Fee Shifting Multiplier 2 Moderately Risk Averse Noise 0.25,0.25","0.01072","0.9987","1","Truly Liable MutOptLiability3",0,0,0,,,,,,,,,,,,,,,,,,,,,,,,,,,,,,,,,,,,,,,,,,,,,,,,,,
"FSA Costs Multiplier 0.25 Fee Shifting Multiplier 2 Moderately Risk Averse Noise 0.25,0.25","0.01072","0.9987","1","Truly Liable MutOptLiability2",0.0001,0,0.000141729,0.592755,1,1,1,1,0.9,0.1,,,0,,,,,0,0,1,0.731873,10.7264,9.12357,19.85,0.15,1000.09,998.561,0.15,0.164671,0.328456,0.493127,0.0370511,0.402358,0,0.15,0,0,,0,0,0,1,0,2,1,1,0,0,0,0,0,0.268127,0.731873
"FSA Costs Multiplier 0.25 Fee Shifting Multiplier 2 Moderately Risk Averse Noise 0.25,0.25","0.01072","0.9987","1","Truly Liable MutOptLiability1",0.017,0,0.017037,0.675177,1,1,1,1,0.857474,0.492879,,,0.544257,,,,,0,0,0.455743,0.675831,10.7248,9.16606,19.8908,0.109181,1000.11,998.886,0.109181,0.0693012,0.298341,0.367642,0.0155928,0.277705,0,0.109181,0,0.544257,0.821863,0,0,0,1,0,1,1,1,0,0,0.544257,0,0,0.147738,0.308005
"FSA Costs Multiplier 0.25 Fee Shifting Multiplier 2 Moderately Risk Averse Noise 0.25,0.25","0.01072","0.9987","1","Truly Liable MutOptLiability0",0.4656,0,0.465642,0.719839,1,1,1,1,0.834612,0.703477,,,0.836081,,,,,0,0,0.163919,0.500426,10.7255,9.18722,19.9127,0.0872939,1000.12,999.058,0.0872939,0.0184566,0.280664,0.29912,0.00415273,0.208985,0,0.0872939,0,0.836081,0.821792,0,0,0,1,0,0,1,1,0,0,0.836081,0,0,0.0818894,0.0820292
"FSA Costs Multiplier 0.25 Fee Shifting Multiplier 2 Moderately Risk Averse Noise 0.25,0.25","0.01072","0.9987","1","Truly Liable MutOptLiability-1",0.017,0,0.0170369,0.675177,1,1,1,1,0.73928,0.73928,,,1,,,,,0,0,0,,10.7018,9.22322,19.925,0.075,1000.13,999.165,0.075,0,0.29822,0.29822,0,0.19168,0,0.075,0,1,0.73928,0,0,0,1,0,-1,1,1,0,0,1,0,0,0,0
"FSA Costs Multiplier 0.25 Fee Shifting Multiplier 2 Moderately Risk Averse Noise 0.25,0.25","0.01072","0.9987","1","Truly Liable MutOptLiability-2",0.0001,0,0.000142192,0.59243,1,1,1,1,0.564195,0.805525,,,1,,,,,0,0,0,,10.6474,9.27764,19.925,0.075,1000.13,999.287,0.075,0,0.35264,0.35264,0,0.201916,0,0.075,0,1,0.68486,0,0,0,1,0,-2,1,1,0,0,1,0,0,0,0
"FSA Costs Multiplier 0.25 Fee Shifting Multiplier 2 Moderately Risk Averse Noise 0.25,0.25","0.01072","0.9987","1","Truly Liable MutOptLiability-3",0,0,0,,,,,,,,,,,,,,,,,,,,,,,,,,,,,,,,,,,,,,,,,,,,,,,,,,
"FSA Costs Multiplier 0.25 Fee Shifting Multiplier 2 Moderately Risk Averse Noise 0.25,0.25","0.01072","0.9987","1","Truly Liable MutOptLiability-4",0,0,0,,,,,,,,,,,,,,,,,,,,,,,,,,,,,,,,,,,,,,,,,,,,,,,,,,
"FSA Costs Multiplier 0.25 Fee Shifting Multiplier 2 Moderately Risk Averse Noise 0.25,0.25","0.01072","0.9987","1","Truly Liable MutOptLiability-5",0,0,0,,,,,,,,,,,,,,,,,,,,,,,,,,,,,,,,,,,,,,,,,,,,,,,,,,
"FSA Costs Multiplier 0.25 Fee Shifting Multiplier 2 Moderately Risk Averse Noise 0.25,0.25","0.01072","0.9987","1","Truly Not Liable MutOptLiability5",0,0,0,,,,,,,,,,,,,,,,,,,,,,,,,,,,,,,,,,,,,,,,,,,,,,,,,,
"FSA Costs Multiplier 0.25 Fee Shifting Multiplier 2 Moderately Risk Averse Noise 0.25,0.25","0.01072","0.9987","1","Truly Not Liable MutOptLiability4",0,0,0,,,,,,,,,,,,,,,,,,,,,,,,,,,,,,,,,,,,,,,,,,,,,,,,,,
"FSA Costs Multiplier 0.25 Fee Shifting Multiplier 2 Moderately Risk Averse Noise 0.25,0.25","0.01072","0.9987","1","Truly Not Liable MutOptLiability3",0,0,0,,,,,,,,,,,,,,,,,,,,,,,,,,,,,,,,,,,,,,,,,,,,,,,,,,
"FSA Costs Multiplier 0.25 Fee Shifting Multiplier 2 Moderately Risk Averse Noise 0.25,0.25","0.01072","0.9987","1","Truly Not Liable MutOptLiability2",0.0001,0,0.000140794,0.408638,1,1,1,1,0.9,0.1,,,0,,,,,0,0,1,0.27161,10.1281,9.72191,19.85,0.15,999.968,999.482,0.15,0.332722,0,0.332722,0.407585,0,0,0.15,0,0,,0,0,0,0,0,2,1,1,0,0,0,0,0,0.72839,0.27161
"FSA Costs Multiplier 0.25 Fee Shifting Multiplier 2 Moderately Risk Averse Noise 0.25,0.25","0.01072","0.9987","1","Truly Not Liable MutOptLiability1",0.017,0,0.0170369,0.324823,1,1,1,1,0.507109,0.142526,,,0.54427,,,,,0,0,0.45573,0.324189,10.1661,9.72475,19.8908,0.10918,1000.01,999.632,0.10918,0.298348,0,0.298348,0.277712,0,0,0.10918,0,0.54427,0.178133,0,0,0,0,0,1,1,1,0,0,0.54427,0,0,0.307987,0.147743
"FSA Costs Multiplier 0.25 Fee Shifting Multiplier 2 Moderately Risk Averse Noise 0.25,0.25","0.01072","0.9987","1","Truly Not Liable MutOptLiability0",0.4656,0,0.465644,0.28016,1,1,1,1,0.296522,0.165388,,,0.836082,,,,,0,0,0.163918,0.499574,10.1872,9.72549,19.9127,0.0872938,1000.03,999.712,0.0872938,0.280663,0,0.280663,0.208984,0,0,0.0872938,0,0.836082,0.178207,0,0,0,0,0,0,1,1,0,0,0.836082,0,0,0.0820288,0.081889
"FSA Costs Multiplier 0.25 Fee Shifting Multiplier 2 Moderately Risk Averse Noise 0.25,0.25","0.01072","0.9987","1","Truly Not Liable MutOptLiability-1",0.017,0,0.017037,0.324823,1,1,1,1,0.260709,0.260709,,,1,,,,,0,0,0,,10.2232,9.70179,19.925,0.075,1000.05,999.746,0.075,0.298209,0,0.298209,0.191668,0,0,0.075,0,1,0.260709,0,0,0,0,0,-1,1,1,0,0,1,0,0,0,0
"FSA Costs Multiplier 0.25 Fee Shifting Multiplier 2 Moderately Risk Averse Noise 0.25,0.25","0.01072","0.9987","1","Truly Not Liable MutOptLiability-2",0.0001,0,0.000142014,0.407833,1,1,1,1,0.194851,0.436483,,,1,,,,,0,0,0,,10.2782,9.64683,19.925,0.075,1000.06,999.735,0.075,0.353167,0,0.353167,0.202422,0,0,0.075,0,1,0.315667,0,0,0,0,0,-2,1,1,0,0,1,0,0,0,0
"FSA Costs Multiplier 0.25 Fee Shifting Multiplier 2 Moderately Risk Averse Noise 0.25,0.25","0.01072","0.9987","1","Truly Not Liable MutOptLiability-3",0,0,0,,,,,,,,,,,,,,,,,,,,,,,,,,,,,,,,,,,,,,,,,,,,,,,,,,
"FSA Costs Multiplier 0.25 Fee Shifting Multiplier 2 Moderately Risk Averse Noise 0.25,0.25","0.01072","0.9987","1","Truly Not Liable MutOptLiability-4",0,0,0,,,,,,,,,,,,,,,,,,,,,,,,,,,,,,,,,,,,,,,,,,,,,,,,,,
"FSA Costs Multiplier 0.25 Fee Shifting Multiplier 2 Moderately Risk Averse Noise 0.25,0.25","0.01072","0.9987","1","Truly Not Liable MutOptLiability-5",0,0,0,,,,,,,,,,,,,,,,,,,,,,,,,,,,,,,,,,,,,,,,,,,,,,,,,,
"FSA Costs Multiplier 0.25 Fee Shifting Multiplier 2 Moderately Risk Averse Noise 0.25,0.25","0.01072","0.9987","1","High Quality",0,0,0,,,,,,,,,,,,,,,,,,,,,,,,,,,,,,,,,,,,,,,,,,,,,,,,,,
"FSA Costs Multiplier 0.25 Fee Shifting Multiplier 2 Moderately Risk Averse Noise 0.25,0.25","0.01072","0.9987","1","High Quality Liable MutOptLiability5",0,0,0,,,,,,,,,,,,,,,,,,,,,,,,,,,,,,,,,,,,,,,,,,,,,,,,,,
"FSA Costs Multiplier 0.25 Fee Shifting Multiplier 2 Moderately Risk Averse Noise 0.25,0.25","0.01072","0.9987","1","High Quality Liable MutOptLiability4",0,0,0,,,,,,,,,,,,,,,,,,,,,,,,,,,,,,,,,,,,,,,,,,,,,,,,,,
"FSA Costs Multiplier 0.25 Fee Shifting Multiplier 2 Moderately Risk Averse Noise 0.25,0.25","0.01072","0.9987","1","High Quality Liable MutOptLiability3",0,0,0,,,,,,,,,,,,,,,,,,,,,,,,,,,,,,,,,,,,,,,,,,,,,,,,,,
"FSA Costs Multiplier 0.25 Fee Shifting Multiplier 2 Moderately Risk Averse Noise 0.25,0.25","0.01072","0.9987","1","High Quality Liable MutOptLiability2",0,0,0,,,,,,,,,,,,,,,,,,,,,,,,,,,,,,,,,,,,,,,,,,,,,,,,,,
"FSA Costs Multiplier 0.25 Fee Shifting Multiplier 2 Moderately Risk Averse Noise 0.25,0.25","0.01072","0.9987","1","High Quality Liable MutOptLiability1",0,0,0,,,,,,,,,,,,,,,,,,,,,,,,,,,,,,,,,,,,,,,,,,,,,,,,,,
"FSA Costs Multiplier 0.25 Fee Shifting Multiplier 2 Moderately Risk Averse Noise 0.25,0.25","0.01072","0.9987","1","High Quality Liable MutOptLiability0",0,0,0,,,,,,,,,,,,,,,,,,,,,,,,,,,,,,,,,,,,,,,,,,,,,,,,,,
"FSA Costs Multiplier 0.25 Fee Shifting Multiplier 2 Moderately Risk Averse Noise 0.25,0.25","0.01072","0.9987","1","High Quality Liable MutOptLiability-1",0,0,0,,,,,,,,,,,,,,,,,,,,,,,,,,,,,,,,,,,,,,,,,,,,,,,,,,
"FSA Costs Multiplier 0.25 Fee Shifting Multiplier 2 Moderately Risk Averse Noise 0.25,0.25","0.01072","0.9987","1","High Quality Liable MutOptLiability-2",0,0,0,,,,,,,,,,,,,,,,,,,,,,,,,,,,,,,,,,,,,,,,,,,,,,,,,,
"FSA Costs Multiplier 0.25 Fee Shifting Multiplier 2 Moderately Risk Averse Noise 0.25,0.25","0.01072","0.9987","1","High Quality Liable MutOptLiability-3",0,0,0,,,,,,,,,,,,,,,,,,,,,,,,,,,,,,,,,,,,,,,,,,,,,,,,,,
"FSA Costs Multiplier 0.25 Fee Shifting Multiplier 2 Moderately Risk Averse Noise 0.25,0.25","0.01072","0.9987","1","High Quality Liable MutOptLiability-4",0,0,0,,,,,,,,,,,,,,,,,,,,,,,,,,,,,,,,,,,,,,,,,,,,,,,,,,
"FSA Costs Multiplier 0.25 Fee Shifting Multiplier 2 Moderately Risk Averse Noise 0.25,0.25","0.01072","0.9987","1","High Quality Liable MutOptLiability-5",0,0,0,,,,,,,,,,,,,,,,,,,,,,,,,,,,,,,,,,,,,,,,,,,,,,,,,,
"FSA Costs Multiplier 0.25 Fee Shifting Multiplier 2 Moderately Risk Averse Noise 0.25,0.25","0.01072","0.9987","1","PLiabilitySignal 1",0.2252,0,0.225172,0.103845,1,1,1,1,0.1,0.1,,,1,,,,,0,0,0,,10.0625,9.8625,19.925,0.075,1000.02,999.941,0.075,0.131662,0.0398021,0.171464,0.0181036,0.0373144,0,0.075,0,1,0.1,0,0,0,0.0424556,0,-0.0420596,1,1,0,0,1,0,0,0,0
"FSA Costs Multiplier 0.25 Fee Shifting Multiplier 2 Moderately Risk Averse Noise 0.25,0.25","0.01072","0.9987","1","PLiabilitySignal 2",0.1906,0,0.19064,0.29847,1,1,1,1,0.1,0.10036,,,1,,,,,0,0,0,,10.0627,9.86232,19.925,0.075,1000.02,999.941,0.075,0.11387,0.16164,0.275509,0.0157055,0.151489,0,0.075,0,1,0.10018,0,0,0,0.172512,0,0.00701,1,1,0,0,1,0,0,0,0
"FSA Costs Multiplier 0.25 Fee Shifting Multiplier 2 Moderately Risk Averse Noise 0.25,0.25","0.01072","0.9987","1","PLiabilitySignal 3",0.1684,0,0.16838,0.500002,1,1,1,1,0.9,0.13736,,,0.0467,,,,,0,0,0.9533,0.486831,10.4291,9.42439,19.8535,0.146498,1000.03,999.048,0.146498,0.350383,0.293587,0.64397,0.37291,0.354911,0,0.146498,0,0.0467,0.9,0,0,0,0.500003,0,-2E-05,1,1,0,0,0.0467,0,0,0.489204,0.464096
"FSA Costs Multiplier 0.25 Fee Shifting Multiplier 2 Moderately Risk Averse Noise 0.25,0.25","0.01072","0.9987","1","PLiabilitySignal 4",0.1906,0,0.19064,0.70153,1,1,1,1,0.9,0.867056,,,0.95882,,,,,0,0,0.04118,0.763077,10.8586,9.06334,19.9219,0.0780885,1000.15,998.951,0.0780885,0.164761,0.11594,0.280701,0.153808,0.0224408,0,0.0780885,0,0.95882,0.9,0,0,0,0.827488,0,-0.00701,1,1,0,0,0.95882,0,0,0.00975649,0.0314235
"FSA Costs Multiplier 0.25 Fee Shifting Multiplier 2 Moderately Risk Averse Noise 0.25,0.25","0.01072","0.9987","1","PLiabilitySignal 5",0.2252,0,0.225169,0.896155,1,1,1,1,0.9,0.899648,,,0.99956,,,,,0,0,0.00044,0.999968,10.8626,9.06237,19.925,0.075033,1000.15,998.97,0.075033,0.0399058,0.131612,0.171518,0.0373793,0.0180967,0,0.075033,0,0.99956,0.9,0,0,0,0.957544,0,0.04206,1,1,0,0,0.99956,0,0,1.42952E-8,0.00044
"FSA Costs Multiplier 0.25 Fee Shifting Multiplier 2 Moderately Risk Averse Noise 0.25,0.25","0.01072","0.9987","1","DLiabilitySignal 1",0.2252,0,0.225171,0.103843,1,1,1,1,0.100347,0.1,,,0.999566,,,,,0,0,0.000434,3.24891E-5,10.0624,9.86259,19.925,0.0750325,1000.02,999.941,0.0750325,0.131613,0.0398225,0.171435,0.0180968,0.0373595,0,0.0750325,0,0.999566,0.1,0,0,0,0.0424548,0,0.0420483,1,1,0,0,0.999566,0,0,0.0004337,1.4091E-8
"FSA Costs Multiplier 0.25 Fee Shifting Multiplier 2 Moderately Risk Averse Noise 0.25,0.25","0.01072","0.9987","1","DLiabilitySignal 2",0.1906,0,0.190639,0.29847,1,1,1,1,0.132941,0.1,,,0.958824,,,,,0,0,0.041176,0.236923,10.0633,9.85857,19.9219,0.0780882,1000.02,999.925,0.0780882,0.117037,0.159614,0.276652,0.0226871,0.15265,0,0.0780882,0,0.958824,0.1,0,0,0,0.172511,0,-0.00701285,1,1,0,0,0.958824,0,0,0.0314206,0.0097556
"FSA Costs Multiplier 0.25 Fee Shifting Multiplier 2 Moderately Risk Averse Noise 0.25,0.25","0.01072","0.9987","1","DLiabilitySignal 3",0.1684,0,0.168382,0.5,1,1,1,1,0.862638,0.1,,,0.0467022,,,,,0,0,0.953298,0.513175,10.4244,9.4291,19.8535,0.146497,1000.03,999.043,0.146497,0.350533,0.298126,0.648659,0.367722,0.361148,0,0.146497,0,0.0467022,0.1,0,0,0,0.5,0,-1.1427E-17,1,1,0,0,0.0467022,0,0,0.464089,0.489209
"FSA Costs Multiplier 0.25 Fee Shifting Multiplier 2 Moderately Risk Averse Noise 0.25,0.25","0.01072","0.9987","1","DLiabilitySignal 4",0.1906,0,0.190639,0.70153,1,1,1,1,0.89964,0.9,,,1,,,,,0,0,0,,10.8623,9.06268,19.925,0.075,1000.15,998.97,0.075,0.161639,0.11387,0.275509,0.151488,0.0157055,0,0.075,0,1,0.89982,0,0,0,0.827489,0,0.00701285,1,1,0,0,1,0,0,0,0
"FSA Costs Multiplier 0.25 Fee Shifting Multiplier 2 Moderately Risk Averse Noise 0.25,0.25","0.01072","0.9987","1","DLiabilitySignal 5",0.2252,0,0.22517,0.896155,1,1,1,1,0.9,0.9,,,1,,,,,0,0,0,,10.8625,9.0625,19.925,0.075,1000.15,998.97,0.075,0.0398023,0.131662,0.171465,0.0373147,0.0181036,0,0.075,0,1,0.9,0,0,0,0.957544,0,-0.0420633,1,1,0,0,1,0,0,0,0
"FSA Costs Multiplier 0.25 Fee Shifting Multiplier 2 Moderately Risk Averse Noise 0.25,0.25","0.01072","0.9987","1","PDoesntFile",0,0,0,,,,,,,,,,,,,,,,,,,,,,,,,,,,,,,,,,,,,,,,,,,,,,,,,,
"FSA Costs Multiplier 0.25 Fee Shifting Multiplier 2 Moderately Risk Averse Noise 0.25,0.25","0.01072","0.9987","1","P Files",1,0,1,0.499999,1,1,1,1,0.567351,0.432647,,,0.831534,,,,,0,0,0.168466,0.500005,10.4562,9.45618,19.9124,0.0876349,1000.08,999.383,0.0876349,0.150748,0.140949,0.291697,0.107599,0.105395,0,0.0876349,0,0.831534,0.499999,0,0,0,0.5,0,-3.36759E-06,1,1,0,0,0.831534,0,0,0.084232,0.0842339
"FSA Costs Multiplier 0.25 Fee Shifting Multiplier 2 Moderately Risk Averse Noise 0.25,0.25","0.01072","0.9987","1","DDoesntAnswer",0,0,0,,,,,,,,,,,,,,,,,,,,,,,,,,,,,,,,,,,,,,,,,,,,,,,,,,
"FSA Costs Multiplier 0.25 Fee Shifting Multiplier 2 Moderately Risk Averse Noise 0.25,0.25","0.01072","0.9987","1","D Answers",1,0,1,0.499999,1,1,1,1,0.567351,0.432647,,,0.831534,,,,,0,0,0.168466,0.500005,10.4562,9.45618,19.9124,0.0876349,1000.08,999.383,0.0876349,0.150748,0.140949,0.291697,0.107599,0.105395,0,0.0876349,0,0.831534,0.499999,0,0,0,0.5,0,-3.36759E-06,1,1,0,0,0.831534,0,0,0.084232,0.0842339
"FSA Costs Multiplier 0.25 Fee Shifting Multiplier 2 Moderately Risk Averse Noise 0.25,0.25","0.01072","0.9987","1","Settles1",0.8315,0,0.831534,0.499999,1,1,1,1,0.499957,0.50004,,,1,,,,,0,0,0,,10.4625,9.4625,19.925,0.075,1000.09,999.455,0.075,0.109567,0.109567,0.219134,0.0533228,0.0533231,0,0.075,0,1,0.499999,0,0,0,0.499999,0,-0.0193584,1,1,0,0,1,0,0,0,0
"FSA Costs Multiplier 0.25 Fee Shifting Multiplier 2 Moderately Risk Averse Noise 0.25,0.25","0.01072","0.9987","1","DoesntSettle1",0.1685,0,0.168466,0.500002,1,1,1,1,0.9,0.1,,,0,,,,,0,0,1,0.500005,10.425,9.42499,19.85,0.15,1000.03,999.025,0.15,0.354013,0.295849,0.649862,0.375504,0.362415,0,0.15,0,0,,0,0,0,0.500004,0,0.0955314,1,1,0,0,0,0,0,0.499995,0.500005
"FSA Costs Multiplier 0.25 Fee Shifting Multiplier 2 Moderately Risk Averse Noise 0.25,0.25","0.01072","0.9987","1","PAbandons1",0,0,0,,,,,,,,,,,,,,,,,,,,,,,,,,,,,,,,,,,,,,,,,,,,,,,,,,
"FSA Costs Multiplier 0.25 Fee Shifting Multiplier 2 Moderately Risk Averse Noise 0.25,0.25","0.01072","0.9987","1","PDoesntAbandon1",0.1685,0,0.168466,0.500002,1,1,1,1,0.9,0.1,,,0,,,,,0,0,1,0.500005,10.425,9.42499,19.85,0.15,1000.03,999.025,0.15,0.354013,0.295849,0.649862,0.375504,0.362415,0,0.15,0,0,,0,0,0,0.500004,0,0.0955314,1,1,0,0,0,0,0,0.499995,0.500005
"FSA Costs Multiplier 0.25 Fee Shifting Multiplier 2 Moderately Risk Averse Noise 0.25,0.25","0.01072","0.9987","1","DDefaults1",0,0,0,,,,,,,,,,,,,,,,,,,,,,,,,,,,,,,,,,,,,,,,,,,,,,,,,,
"FSA Costs Multiplier 0.25 Fee Shifting Multiplier 2 Moderately Risk Averse Noise 0.25,0.25","0.01072","0.9987","1","DDoesntDefault1",0.1685,0,0.168466,0.500002,1,1,1,1,0.9,0.1,,,0,,,,,0,0,1,0.500005,10.425,9.42499,19.85,0.15,1000.03,999.025,0.15,0.354013,0.295849,0.649862,0.375504,0.362415,0,0.15,0,0,,0,0,0,0.500004,0,0.0955314,1,1,0,0,0,0,0,0.499995,0.500005
"FSA Costs Multiplier 0.25 Fee Shifting Multiplier 2 Moderately Risk Averse Noise 0.25,0.25","0.01072","0.9987","1","POrDQuits1",0,0,0,,,,,,,,,,,,,,,,,,,,,,,,,,,,,,,,,,,,,,,,,,,,,,,,,,
"FSA Costs Multiplier 0.25 Fee Shifting Multiplier 2 Moderately Risk Averse Noise 0.25,0.25","0.01072","0.9987","1","P Loses",0.0842,0,0.084232,0.489728,1,1,1,1,0.9,0.1,,,0,,,,,0,0,1,0,9.775,10.075,19.85,0.15,999.894,1000.03,0.15,0,0.591705,0.591705,0,0.724839,0,0.15,0,0,,0,0,0,0.483024,0,0.0955132,1,1,0,0,0,0,0,1,0
"FSA Costs Multiplier 0.25 Fee Shifting Multiplier 2 Moderately Risk Averse Noise 0.25,0.25","0.01072","0.9987","1","P Wins",0.0842,0,0.0842339,0.510276,1,1,1,1,0.9,0.1,,,0,,,,,0,0,1,1,11.075,8.775,19.85,0.15,1000.16,998.024,0.15,0.708018,0,0.708018,0.751001,0,0,0.15,0,0,,0,0,0,0.516982,0,0.0955495,1,1,0,0,0,0,0,0,1
