"OptionSet","Seconds","Filter","All","NoDispute","DisputeArises","LitigQuality","PFiles","DAnswers","PBargains1","DBargains1","POffer1","DOffer1","POfferMixedness1","DOfferMixedness1","Settles1","PBet1","DBet1","PBetMixedness1","DBetMixedness1","PAbandons1","DDefaults1","Trial","PWinPct","PWealth","DWealth","PWelfare","DWelfare","TotExpense","False+","False-","False+-","False+^2","False-^2","PDSWelfare","Chips","Settles","ValIfSettled","PAbandons","DDefaults","BothReadyToGiveUp","TrulyLiable","PrimaryAction","MutualOptimism","P Files","D Answers","PDoesntFile","DDoesntAnswer","SettlesBR1","PAbandonsBR1","DDefaultsBR1","P Loses","P Wins"
"FSA Costs Multiplier 0.5 Fee Shifting Multiplier 1 P More Risk Averse","3","All",1,0,1,0.499992,0.81171,0.81171,1,1,0.357986,0.346558,,,0.702652,,,,,0.0905052,0,0.018552,0.730432,10.2058,9.66967,1000,999.754,0.124539,0.0826888,0.323296,0.405985,0.0358513,0.236273,0,0,0.702652,0.360385,0.0905052,0,0,0.499991,0,-1.85688E-05,0.81171,0.81171,0.18829,0,0.702652,0.0905052,0,0.00500112,0.0135512
"FSA Costs Multiplier 0.5 Fee Shifting Multiplier 1 P More Risk Averse","3","NoDispute",0,0,0,,,,,,,,,,,,,,,,,,,,,,,,,,,,,,,,,,,,,,,,,,,,,,,
"FSA Costs Multiplier 0.5 Fee Shifting Multiplier 1 P More Risk Averse","3","DisputeArises",1,0,1,0.499992,0.81171,0.81171,1,1,0.357986,0.346558,,,0.702652,,,,,0.0905052,0,0.018552,0.730432,10.2058,9.66967,1000,999.754,0.124539,0.0826888,0.323296,0.405985,0.0358513,0.236273,0,0,0.702652,0.360385,0.0905052,0,0,0.499991,0,-1.85688E-05,0.81171,0.81171,0.18829,0,0.702652,0.0905052,0,0.00500112,0.0135512
"FSA Costs Multiplier 0.5 Fee Shifting Multiplier 1 P More Risk Averse","3","PFiles",0.8117,0,0.81171,0.576172,1,1,1,1,0.357986,0.346558,,,0.865645,,,,,0.111499,0,0.022856,0.730432,10.2535,9.59305,1000,999.696,0.153428,0.10187,0.375,0.47687,0.0441676,0.26779,0,0,0.865645,0.360385,0.111499,0,0,0.592682,0,0.34586,1,1,0,0,0.865645,0.111499,0,0.00616121,0.0166947
"FSA Costs Multiplier 0.5 Fee Shifting Multiplier 1 P More Risk Averse","3","DAnswers",0.8117,0,0.81171,0.576172,1,1,1,1,0.357986,0.346558,,,0.865645,,,,,0.111499,0,0.022856,0.730432,10.2535,9.59305,1000,999.696,0.153428,0.10187,0.375,0.47687,0.0441676,0.26779,0,0,0.865645,0.360385,0.111499,0,0,0.592682,0,0.34586,1,1,0,0,0.865645,0.111499,0,0.00616121,0.0166947
"FSA Costs Multiplier 0.5 Fee Shifting Multiplier 1 P More Risk Averse","3","Litigated",0.8117,0,0.81171,0.576172,1,1,1,1,0.357986,0.346558,,,0.865645,,,,,0.111499,0,0.022856,0.730432,10.2535,9.59305,1000,999.696,0.153428,0.10187,0.375,0.47687,0.0441676,0.26779,0,0,0.865645,0.360385,0.111499,0,0,0.592682,0,0.34586,1,1,0,0,0.865645,0.111499,0,0.00616121,0.0166947
"FSA Costs Multiplier 0.5 Fee Shifting Multiplier 1 P More Risk Averse","3","Not Litigated",0.1883,0,0.18829,0.171586,0,0,1,1,,,,,0,,,,,0,0,0,,10,10,1000,1000,0,0,0.100404,0.100404,0,0.100404,0,0,0,,0,0,0,0.100404,0,-1.49109,0,0,1,0,0,0,0,0,0
"FSA Costs Multiplier 0.5 Fee Shifting Multiplier 1 P More Risk Averse","3","Settles",0.7027,0,0.702652,0.587994,1,1,1,1,0.328183,0.392586,,,1,,,,,0,0,0,,10.2854,9.56462,1000,999.698,0.15,0.102752,0.365494,0.468246,0.0427228,0.235431,0,0,1,0.360385,0,0,0,0.607067,0,-0.124657,1,1,0,0,1,0,0,0,0
"FSA Costs Multiplier 0.5 Fee Shifting Multiplier 1 P More Risk Averse","3","Tried",0.0186,0,0.0185523,0.66465,1,1,1,1,0.55,0.05,,,0,,,,,0,0,1,0.730432,10.6496,9.05044,1000,998.301,0.3,0.365124,0.191081,0.556206,0.29933,0.248406,0,0,0,,0,0,0,0.731423,0,5.11631,1,1,0,0,0,0,0,0.269568,0.730432
"FSA Costs Multiplier 0.5 Fee Shifting Multiplier 1 P More Risk Averse","3","PWins",0.0136,0,0.0135512,0.714939,1,1,1,1,0.55,0.05,,,0,,,,,0,0,1,1,11,8.7,1000,997.675,0.3,0.499875,0,0.499875,0.409799,0,0,0,0,,0,0,0,0.800125,0,5.02684,1,1,0,0,0,0,0,0,1
"FSA Costs Multiplier 0.5 Fee Shifting Multiplier 1 P More Risk Averse","3","DWins",0.005,0,0.00500112,0.528384,1,1,1,1,0.55,0.05,,,0,,,,,0,0,1,0,9.7,10,999.992,1000,0.3,0,0.708843,0.708843,0,0.921495,0,0,0,,0,0,0,0.545263,0,5.35873,1,1,0,0,0,0,0,1,0
"FSA Costs Multiplier 0.5 Fee Shifting Multiplier 1 P More Risk Averse","3","Abandoned",0.0905,0,0.0905052,0.466246,1,1,1,1,0.55,0.05,,,0,,,,,1,0,0,,9.925,9.925,999.999,999.97,0.15,0.0410582,0.486499,0.527557,0.00307937,0.522987,0,0,0,,1,0,0,0.452557,0,3.02092,1,1,0,0,0,1,0,0,0
"FSA Costs Multiplier 0.5 Fee Shifting Multiplier 1 P More Risk Averse","3","Rounds1",0.8117,0,0.81171,0.576172,1,1,1,1,0.357986,0.346558,,,0.865645,,,,,0.111499,0,0.022856,0.730432,10.2535,9.59305,1000,999.696,0.153428,0.10187,0.375,0.47687,0.0441676,0.26779,0,0,0.865645,0.360385,0.111499,0,0,0.592682,0,0.34586,1,1,0,0,0.865645,0.111499,0,0.00616121,0.0166947
"FSA Costs Multiplier 0.5 Fee Shifting Multiplier 1 P More Risk Averse","3","PrePrimary1",0,0,0,,,,,,,,,,,,,,,,,,,,,,,,,,,,,,,,,,,,,,,,,,,,,,,
"FSA Costs Multiplier 0.5 Fee Shifting Multiplier 1 P More Risk Averse","3","PrePrimary2",0,0,0,,,,,,,,,,,,,,,,,,,,,,,,,,,,,,,,,,,,,,,,,,,,,,,
"FSA Costs Multiplier 0.5 Fee Shifting Multiplier 1 P More Risk Averse","3","PrePrimary3",0,0,0,,,,,,,,,,,,,,,,,,,,,,,,,,,,,,,,,,,,,,,,,,,,,,,
"FSA Costs Multiplier 0.5 Fee Shifting Multiplier 1 P More Risk Averse","3","PrePrimary4",0,0,0,,,,,,,,,,,,,,,,,,,,,,,,,,,,,,,,,,,,,,,,,,,,,,,
"FSA Costs Multiplier 0.5 Fee Shifting Multiplier 1 P More Risk Averse","3","PrePrimary5",0,0,0,,,,,,,,,,,,,,,,,,,,,,,,,,,,,,,,,,,,,,,,,,,,,,,
"FSA Costs Multiplier 0.5 Fee Shifting Multiplier 1 P More Risk Averse","3","PrePrimary6",0,0,0,,,,,,,,,,,,,,,,,,,,,,,,,,,,,,,,,,,,,,,,,,,,,,,
"FSA Costs Multiplier 0.5 Fee Shifting Multiplier 1 P More Risk Averse","3","PrePrimary7",0,0,0,,,,,,,,,,,,,,,,,,,,,,,,,,,,,,,,,,,,,,,,,,,,,,,
"FSA Costs Multiplier 0.5 Fee Shifting Multiplier 1 P More Risk Averse","3","PrePrimary8",0,0,0,,,,,,,,,,,,,,,,,,,,,,,,,,,,,,,,,,,,,,,,,,,,,,,
"FSA Costs Multiplier 0.5 Fee Shifting Multiplier 1 P More Risk Averse","3","PrePrimary9",0,0,0,,,,,,,,,,,,,,,,,,,,,,,,,,,,,,,,,,,,,,,,,,,,,,,
"FSA Costs Multiplier 0.5 Fee Shifting Multiplier 1 P More Risk Averse","3","PrePrimary10",0,0,0,,,,,,,,,,,,,,,,,,,,,,,,,,,,,,,,,,,,,,,,,,,,,,,
"FSA Costs Multiplier 0.5 Fee Shifting Multiplier 1 P More Risk Averse","3","Truly Liable",0.5,0,0.499991,0.722392,0.962189,0.962189,1,1,0.455922,0.450744,,,0.85313,,,,,0.0819191,0,0.02714,0.799041,10.3534,9.49821,1000,999.61,0.148399,0.0065057,0.646605,0.653111,0.00195172,0.472555,0,0,0.85313,0.472934,0.0819191,0,0,1,0,-4.93863E-05,0.962189,0.962189,0.0378107,0,0.85313,0.0819191,0,0.00545396,0.0216858
"FSA Costs Multiplier 0.5 Fee Shifting Multiplier 1 P More Risk Averse","3","Truly Not Liable",0.5,0,0.500009,0.277601,0.661236,0.661236,1,1,0.215481,0.194958,,,0.55218,,,,,0.099091,0,0.009965,0.543586,10.0582,9.84113,1000,999.897,0.10068,0.158869,0,0.158869,0.0697496,0,0,0,0.55218,0.1865,0.099091,0,0,0,0,1.22476E-05,0.661236,0.661236,0.338764,0,0.55218,0.099091,0,0.0045483,0.005417
"FSA Costs Multiplier 0.5 Fee Shifting Multiplier 1 P More Risk Averse","3","AllCount",2200,0,2200,0.499992,1785.76,1785.76,2200,2200,0.357986,0.346558,,,1545.84,,,,,199.112,0,40.8151,292.173,10.2058,9.66967,1000,999.754,0.124539,0.0826888,0.323296,0.405985,0.0358513,0.236273,0,0,1545.84,0.360385,199.112,0,0,1099.98,0,-1.85688E-05,1785.76,1785.76,414.238,0,1545.84,199.112,0,11.0025,29.8127
"FSA Costs Multiplier 0.5 Fee Shifting Multiplier 1 P More Risk Averse","3","Liability Strength1",0.1159,0,0.115877,0.05,0.378527,0.378527,1,1,0.0769683,0.0602085,,,0.358528,,,,,0.0198565,0,0.000143,0.0204164,9.99154,9.95165,1000,999.979,0.0568006,0.047119,0.0255797,0.0726987,0.00661668,0.0258147,0,0,0.358528,0.0556796,0.0198565,0,0,0.0253652,0,8.97708E-06,0.378527,0.378527,0.621473,0,0.358528,0.0198565,0,0.00014022,2.9225E-6
"FSA Costs Multiplier 0.5 Fee Shifting Multiplier 1 P More Risk Averse","3","Liability Strength2",0.1102,0,0.110239,0.15,0.518881,0.518881,1,1,0.0999006,0.0758929,,,0.469777,,,,,0.0484085,0,0.000695,0.0517848,9.99185,9.93021,1000,999.969,0.0779363,0.0659281,0.0557635,0.121692,0.0110555,0.0563511,0,0,0.469777,0.0657268,0.0484085,0,0,0.0553128,0,8.94245E-06,0.518881,0.518881,0.481119,0,0.469777,0.0484085,0,0.00065883,3.5981E-5
"FSA Costs Multiplier 0.5 Fee Shifting Multiplier 1 P More Risk Averse","3","Liability Strength3",0.1002,0,0.100217,0.25,0.669398,0.669398,1,1,0.138171,0.109022,,,0.565289,,,,,0.101257,0,0.002853,0.118043,10.0011,9.89807,1000,999.95,0.100838,0.0900787,0.116268,0.206346,0.0206199,0.117057,0,0,0.565289,0.0911085,0.101257,0,0,0.116395,0,1.22897E-05,0.669398,0.669398,0.330602,0,0.565289,0.101257,0,0.00251584,0.0003367
"FSA Costs Multiplier 0.5 Fee Shifting Multiplier 1 P More Risk Averse","3","Liability Strength4",0.09,0,0.0900083,0.35,0.805529,0.805529,1,1,0.196255,0.167813,,,0.625421,,,,,0.170825,0,0.009282,0.235625,10.0329,9.84484,1000,999.913,0.122222,0.119842,0.221075,0.340917,0.0401839,0.218889,0,0,0.625421,0.148063,0.170825,0,0,0.228605,0,2.43395E-05,0.805529,0.805529,0.194471,0,0.625421,0.170825,0,0.0070948,0.002187
"FSA Costs Multiplier 0.5 Fee Shifting Multiplier 1 P More Risk Averse","3","Liability Strength5",0.0837,0,0.0836696,0.45,0.905133,0.905133,1,1,0.273429,0.252231,,,0.664257,,,,,0.218451,0,0.022425,0.404463,10.1045,9.75637,1000,999.838,0.139134,0.147261,0.358217,0.505478,0.0684818,0.339958,0,0,0.664257,0.249351,0.218451,0,0,0.400016,0,4.07355E-05,0.905133,0.905133,0.094867,0,0.664257,0.218451,0,0.0133548,0.0090701
"FSA Costs Multiplier 0.5 Fee Shifting Multiplier 1 P More Risk Averse","3","Liability Strength6",0.0837,0,0.0836692,0.55,0.96235,0.96235,1,1,0.359419,0.347767,,,0.721474,,,,,0.202506,0,0.038371,0.595537,10.2169,9.63298,1000,999.723,0.150108,0.150928,0.469839,0.620767,0.0857714,0.409628,0,0,0.721474,0.371486,0.202506,0,0,0.599984,0,3.58542E-05,0.96235,0.96235,0.0376496,0,0.721474,0.202506,0,0.0155197,0.0228514
"FSA Costs Multiplier 0.5 Fee Shifting Multiplier 1 P More Risk Averse","3","Liability Strength7",0.09,0,0.0900068,0.65,0.987862,0.987862,1,1,0.436884,0.432186,,,0.807753,,,,,0.134288,0,0.045821,0.764375,10.3364,9.50859,1000,999.605,0.155052,0.120445,0.511928,0.632373,0.0739897,0.389198,0,0,0.807753,0.464533,0.134288,0,0,0.771395,0,-8.00279E-06,0.987862,0.987862,0.0121384,0,0.807753,0.134288,0,0.0107965,0.0350242
"FSA Costs Multiplier 0.5 Fee Shifting Multiplier 1 P More Risk Averse","3","Liability Strength8",0.1002,0,0.100213,0.75,0.996768,0.996768,1,1,0.492407,0.490978,,,0.892658,,,,,0.0650872,0,0.039023,0.881957,10.4201,9.42456,1000,999.535,0.155369,0.0761018,0.512426,0.588527,0.0465977,0.331957,0,0,0.892658,0.514049,0.0650872,0,0,0.883605,0,-6.53715E-05,0.996768,0.996768,0.00323179,0,0.892658,0.0650872,0,0.00460638,0.0344165
"FSA Costs Multiplier 0.5 Fee Shifting Multiplier 1 P More Risk Averse","3","Liability Strength9",0.1102,0,0.110233,0.85,0.999268,0.999268,1,1,0.524453,0.524107,,,0.950165,,,,,0.0241905,0,0.024913,0.948215,10.4593,9.38705,1000,999.516,0.153627,0.040599,0.510769,0.551368,0.0240297,0.293363,0,0,0.950165,0.535871,0.0241905,0,0,0.944687,0,-9.99377E-05,0.999268,0.999268,0.000731755,0,0.950165,0.0241905,0,0.00129012,0.0236229
"FSA Costs Multiplier 0.5 Fee Shifting Multiplier 1 P More Risk Averse","3","Liability Strength10",0.1159,0,0.115867,0.95,0.999854,0.999854,1,1,0.539862,0.539792,,,0.979855,,,,,0.0073122,0,0.012687,0.979584,10.4721,9.37606,1000,999.521,0.151881,0.0194604,0.514547,0.534008,0.0112028,0.27863,0,0,0.979855,0.544722,0.0073122,0,0,0.974635,0,-0.000104755,0.999854,0.999854,0.00014583,0,0.979855,0.0073122,0,0.00025903,0.0124284
"FSA Costs Multiplier 0.5 Fee Shifting Multiplier 1 P More Risk Averse","3","PLiabilitySignal1",0.0863,0,0.08626,0.149352,0,0,1,1,,,,,0,,,,,0,0,0,,10,10,1000,1000,0,0,0.0809518,0.0809518,0,0.0809518,0,0,0,,0,0,0,0.0809518,0,-1.88523,0,0,1,0,0,0,0,0,0
"FSA Costs Multiplier 0.5 Fee Shifting Multiplier 1 P More Risk Averse","3","PLiabilitySignal2",0.102,0,0.10203,0.190383,0,0,1,1,,,,,0,,,,,0,0,0,,10,10,1000,1000,0,0,0.116849,0.116849,0,0.116849,0,0,0,,0,0,0,0.116849,0,-1.15786,0,0,1,0,0,0,0,0,0
"FSA Costs Multiplier 0.5 Fee Shifting Multiplier 1 P More Risk Averse","3","PLiabilitySignal3",0.1068,0,0.10676,0.250256,1,1,1,1,0.05,0.139185,,,1,,,,,0,0,0,,10.0196,9.83041,1000,999.919,0.15,0.129282,0.165352,0.294634,0.0261491,0.15557,0,0,1,0.0945925,0,0,0,0.178836,0,-0.58081,1,1,0,0,1,0,0,0,0
"FSA Costs Multiplier 0.5 Fee Shifting Multiplier 1 P More Risk Averse","3","PLiabilitySignal4",0.1042,0,0.10421,0.334236,1,1,1,1,0.05,0.18968,,,1,,,,,0,0,0,,10.0448,9.80516,1000,999.904,0.15,0.123762,0.249983,0.373746,0.0280929,0.228194,0,0,1,0.11984,0,0,0,0.279183,0,-0.20768,1,1,0,0,1,0,0,0,0
"FSA Costs Multiplier 0.5 Fee Shifting Multiplier 1 P More Risk Averse","3","PLiabilitySignal5",0.1008,0,0.10075,0.441376,1,1,1,1,0.05,0.260175,,,1,,,,,0,0,0,,10.0801,9.76991,1000,999.882,0.15,0.11107,0.364189,0.475259,0.0283557,0.32176,0,0,1,0.155087,0,0,0,0.42018,0,-0.03883,1,1,0,0,1,0,0,0,0
"FSA Costs Multiplier 0.5 Fee Shifting Multiplier 1 P More Risk Averse","3","PLiabilitySignal6",0.1008,0,0.10075,0.558629,1,1,1,1,0.55,0.33983,,,0.57966,,,,,0.42034,0,0,,10.2438,9.60619,1000,999.718,0.15,0.116323,0.389311,0.505634,0.0617303,0.295657,0,0,0.57966,0.55,0.42034,0,0,0.579827,0,0.03874,1,1,0,0,0.57966,0.42034,0,0,0
"FSA Costs Multiplier 0.5 Fee Shifting Multiplier 1 P More Risk Averse","3","PLiabilitySignal7",0.1042,0,0.10421,0.665769,1,1,1,1,0.55,0.410325,,,0.72065,,,,,0.27935,0,0,,10.3214,9.52864,1000,999.657,0.15,0.0948944,0.452484,0.547378,0.0533396,0.317159,0,0,0.72065,0.55,0.27935,0,0,0.720823,0,0.20759,1,1,0,0,0.72065,0.27935,0,0,0
"FSA Costs Multiplier 0.5 Fee Shifting Multiplier 1 P More Risk Averse","3","PLiabilitySignal8",0.1068,0,0.10676,0.749734,1,1,1,1,0.55,0.460805,,,0.82161,,,,,0.17839,0,0,,10.3769,9.47311,1000,999.613,0.15,0.0722703,0.489709,0.561979,0.0422057,0.320097,0,0,0.82161,0.55,0.17839,0,0,0.821151,0,0.58099,1,1,0,0,0.82161,0.17839,0,0,0
"FSA Costs Multiplier 0.5 Fee Shifting Multiplier 1 P More Risk Averse","3","PLiabilitySignal9",0.102,0,0.10203,0.809608,1,1,1,1,0.55,0.492285,,,0.88457,,,,,0,0,0.11543,0.699702,10.4905,9.34215,1000,999.401,0.167314,0.0935778,0.444609,0.538187,0.0680591,0.251578,0,0,0.88457,0.55,0,0,0,0.88314,0,1.15804,1,1,0,0,0.88457,0,0,0.0346634,0.0807666
"FSA Costs Multiplier 0.5 Fee Shifting Multiplier 1 P More Risk Averse","3","PLiabilitySignal10",0.0862,0,0.08624,0.850648,1,1,1,1,0.55,0.51072,,,0.92144,,,,,0,0,0.07856,0.783851,10.4942,9.34405,1000,999.429,0.161784,0.0687298,0.463525,0.532255,0.0469317,0.253725,0,0,0.92144,0.55,0,0,0,0.919048,0,1.88523,1,1,0,0,0.92144,0,0,0.0169807,0.0615793
"FSA Costs Multiplier 0.5 Fee Shifting Multiplier 1 P More Risk Averse","3","DLiabilitySignal1",0.0863,0,0.0862637,0.149358,0.517057,0.517057,1,1,0.12599,0.05,,,0.438475,,,,,0.0742335,0,0.004349,0.427159,9.98458,9.93721,1000,999.97,0.0782108,0.0557381,0.0822328,0.137971,0.00801391,0.0847526,0,0,0.438475,0.05,0.0742335,0,0,0.080957,0,1.88536,0.517057,0.517057,0.482943,0,0.438475,0.0742335,0,0.00249109,0.0018576
"FSA Costs Multiplier 0.5 Fee Shifting Multiplier 1 P More Risk Averse","3","DLiabilitySignal2",0.102,0,0.102029,0.190386,0.57016,0.57016,1,1,0.151213,0.05,,,0.454744,,,,,0.105993,0,0.009422,0.528338,9.98433,9.92874,1000,999.961,0.0869372,0.0589679,0.117726,0.176693,0.00991474,0.122191,0,0,0.454744,0.05,0.105993,0,0,0.116854,0,1.15791,0.57016,0.57016,0.42984,0,0.454744,0.105993,0,0.00444388,0.0049779
"FSA Costs Multiplier 0.5 Fee Shifting Multiplier 1 P More Risk Averse","3","DLiabilitySignal3",0.1068,0,0.106758,0.25026,0.6417,0.6417,1,1,0.188986,0.05,,,0.463325,,,,,0.156999,0,0.021376,0.627505,9.98767,9.91287,1000,999.94,0.0994615,0.0633857,0.176605,0.23999,0.0137635,0.184762,0,0,0.463325,0.05,0.156999,0,0,0.178843,0,0.580883,0.6417,0.6417,0.3583,0,0.463325,0.156999,0,0.00796253,0.0134137
"FSA Costs Multiplier 0.5 Fee Shifting Multiplier 1 P More Risk Averse","3","DLiabilitySignal4",0.1042,0,0.104208,0.334228,0.729964,0.729964,1,1,0.241338,0.05,,,0.450625,,,,,0.231488,0,0.047851,0.717068,10.0016,9.8817,1000,999.889,0.116672,0.0700184,0.265394,0.335412,0.0210163,0.279884,0,0,0.450625,0.05,0.231488,0,0,0.279173,0,0.207545,0.729964,0.729964,0.270036,0,0.450625,0.231488,0,0.0135386,0.0343125
"FSA Costs Multiplier 0.5 Fee Shifting Multiplier 1 P More Risk Averse","3","DLiabilitySignal5",0.1008,0,0.100751,0.441373,0.823029,0.823029,1,1,0.305367,0.05,,,0.402681,,,,,0.321617,0,0.098732,0.791711,10.0378,9.82393,1000,999.787,0.138264,0.0807145,0.375982,0.456696,0.0326141,0.399424,0,0,0.402681,0.05,0.321617,0,0,0.420176,0,0.0387763,0.823029,0.823029,0.176971,0,0.402681,0.321617,0,0.0205648,0.078167
"FSA Costs Multiplier 0.5 Fee Shifting Multiplier 1 P More Risk Averse","3","DLiabilitySignal6",0.1008,0,0.10075,0.558621,0.901258,0.901258,1,1,0.371572,0.55,,,0.901258,,,,,0,0,0,,10.3477,9.51712,1000,999.664,0.135189,0.166769,0.347603,0.514372,0.0866316,0.21816,0,0,0.901258,0.460786,0,0,0,0.579815,0,-0.0388902,0.901258,0.901258,0.0987415,0,0.901258,0,0,0,0
"FSA Costs Multiplier 0.5 Fee Shifting Multiplier 1 P More Risk Averse","3","DLiabilitySignal7",0.1042,0,0.104206,0.665766,0.952144,0.952144,1,1,0.428436,0.55,,,0.952144,,,,,0,0,0,,10.3944,9.46278,1000,999.617,0.142822,0.125417,0.415122,0.540539,0.0680421,0.247816,0,0,0.952144,0.489218,0,0,0,0.72082,0,-0.207657,0.952144,0.952144,0.0478562,0,0.952144,0,0,0,0
"FSA Costs Multiplier 0.5 Fee Shifting Multiplier 1 P More Risk Averse","3","DLiabilitySignal8",0.1068,0,0.106754,0.749735,0.978621,0.978621,1,1,0.469783,0.55,,,0.978621,,,,,0,0,0,,10.4256,9.42761,1000,999.586,0.146793,0.088782,0.459529,0.548311,0.0500142,0.26413,0,0,0.978621,0.509891,0,0,0,0.821152,0,-0.580993,0.978621,0.978621,0.0213786,0,0.978621,0,0,0,0
"FSA Costs Multiplier 0.5 Fee Shifting Multiplier 1 P More Risk Averse","3","DLiabilitySignal9",0.102,0,0.102024,0.80961,0.990577,0.990577,1,1,0.496497,0.55,,,0.990577,,,,,0,0,0,,10.444,9.40739,1000,999.567,0.148587,0.0625348,0.484872,0.547407,0.0363139,0.27148,0,0,0.990577,0.523248,0,0,0,0.883143,0,-1.15802,0.990577,0.990577,0.00942283,0,0.990577,0,0,0,0
"FSA Costs Multiplier 0.5 Fee Shifting Multiplier 1 P More Risk Averse","3","DLiabilitySignal10",0.0863,0,0.0862547,0.850647,0.995674,0.995674,1,1,0.512719,0.55,,,0.995674,,,,,0,0,0,,10.4544,9.39626,1000,999.556,0.149351,0.045673,0.498472,0.544145,0.0271329,0.27434,0,0,0.995674,0.531359,0,0,0,0.91905,0,-1.88533,0.995674,0.995674,0.00432571,0,0.995674,0,0,0,0
"FSA Costs Multiplier 0.5 Fee Shifting Multiplier 1 P More Risk Averse","3","MutOptLiability5",0.0266,0,0.0266096,0.499977,1,1,1,1,0.55,0.05,,,0,,,,,0.530747,0,0.469253,0.712496,10.2541,9.52555,999.999,999.206,0.220388,0.197677,0.269089,0.466765,0.144082,0.309854,0,0,0,,0.530747,0,0,0.499967,0,5.48955,1,1,0,0,0,0.530747,0,0.134912,0.334341
"FSA Costs Multiplier 0.5 Fee Shifting Multiplier 1 P More Risk Averse","3","MutOptLiability4",0.0376,0,0.0376172,0.499986,1,1,1,1,0.450461,0.149509,,,0.398096,,,,,0.440657,0,0.161248,0.767355,10.169,9.65683,1000,999.596,0.174187,0.116656,0.336686,0.453342,0.0610273,0.316987,0,0,0.398096,0.299962,0.440657,0,0,0.499983,0,4,1,1,0,0,0.398096,0.440657,0,0.0375135,0.123734
"FSA Costs Multiplier 0.5 Fee Shifting Multiplier 1 P More Risk Averse","3","MutOptLiability3",0.0707,0,0.0707201,0.499992,1,1,1,1,0.388312,0.211674,,,0.646724,,,,,0.353276,0,0,,10.119,9.73099,1000,999.822,0.15,0.0742702,0.380249,0.45452,0.0214969,0.325186,0,0,0.646724,0.29999,0.353276,0,0,0.499991,0,3,1,1,0,0,0.646724,0.353276,0,0,0
"FSA Costs Multiplier 0.5 Fee Shifting Multiplier 1 P More Risk Averse","3","MutOptLiability2",0.114,0,0.114034,0.499985,1,1,1,1,0.348028,0.251951,,,0.807846,,,,,0.192154,0,0,,10.1673,9.68266,1000,999.785,0.15,0.0845785,0.342215,0.426794,0.0270121,0.264022,0,0,0.807846,0.299988,0.192154,0,0,0.499983,0,2,1,1,0,0,0.807846,0.192154,0,0,0
"FSA Costs Multiplier 0.5 Fee Shifting Multiplier 1 P More Risk Averse","3","MutOptLiability1",0.1576,0,0.157624,0.499989,0.86608,0.86608,1,1,0.362292,0.315007,,,0.784176,,,,,0.0819044,0,0,,10.2038,9.66632,1000,999.767,0.129912,0.077224,0.317388,0.394612,0.0298494,0.223931,0,0,0.784176,0.342686,0.0819044,0,0,0.499988,0,1,0.86608,0.86608,0.13392,0,0.784176,0.0819044,0,0,0
"FSA Costs Multiplier 0.5 Fee Shifting Multiplier 1 P More Risk Averse","3","MutOptLiability0",0.1868,0,0.186778,0.49999,0.76818,0.76818,1,1,0.375436,0.375436,,,0.76818,,,,,0,0,0,,10.2308,9.65398,1000,999.753,0.115227,0.0738461,0.300739,0.374585,0.0333499,0.196924,0,0,0.76818,0.375436,0,0,0,0.499988,0,0,0.76818,0.76818,0.23182,0,0.76818,0,0,0,0
"FSA Costs Multiplier 0.5 Fee Shifting Multiplier 1 P More Risk Averse","3","MutOptLiability-1",0.1576,0,0.157627,0.499994,0.736381,0.736381,1,1,0.361686,0.417298,,,0.736381,,,,,0,0,0,,10.2316,9.65796,1000,999.759,0.110457,0.0747952,0.304804,0.3796,0.0335382,0.200596,0,0,0.736381,0.389492,0,0,0,0.499993,0,-1,0.736381,0.736381,0.263619,0,0.736381,0,0,0,0
"FSA Costs Multiplier 0.5 Fee Shifting Multiplier 1 P More Risk Averse","3","MutOptLiability-2",0.114,0,0.114036,0.499995,0.706951,0.706951,1,1,0.335676,0.471577,,,0.706951,,,,,0,0,0,,10.2323,9.66163,1000,999.766,0.106043,0.0802815,0.312694,0.392975,0.0358424,0.209278,0,0,0.706951,0.403626,0,0,0,0.499994,0,-2,0.706951,0.706951,0.293049,0,0.706951,0,0,0,0
"FSA Costs Multiplier 0.5 Fee Shifting Multiplier 1 P More Risk Averse","3","MutOptLiability-3",0.0707,0,0.070724,0.499999,0.676628,0.676628,1,1,0.288958,0.55,,,0.676628,,,,,0,0,0,,10.2331,9.66542,1000,999.776,0.101494,0.091988,0.326227,0.418215,0.0409334,0.225062,0,0,0.676628,0.419479,0,0,0,0.499998,0,-3,0.676628,0.676628,0.323372,0,0.676628,0,0,0,0
"FSA Costs Multiplier 0.5 Fee Shifting Multiplier 1 P More Risk Averse","3","MutOptLiability-4",0.0376,0,0.0376199,0.500008,0.639714,0.639714,1,1,0.205609,0.55,,,0.639714,,,,,0,0,0,,10.1937,9.71033,1000,999.816,0.0959572,0.0818421,0.357881,0.439723,0.0345563,0.268435,0,0,0.639714,0.377804,0,0,0,0.50001,0,-4,0.639714,0.639714,0.360286,0,0.639714,0,0,0,0
"FSA Costs Multiplier 0.5 Fee Shifting Multiplier 1 P More Risk Averse","3","MutOptLiability-5",0.0266,0,0.0266091,0.500012,0.530755,0.530755,1,1,0.05,0.55,,,0.530755,,,,,0,0,0,,10.1194,9.80097,1000,999.889,0.0796132,0.0619531,0.417768,0.479721,0.0232324,0.354026,0,0,0.530755,0.3,0,0,0,0.500016,0,-5.48925,0.530755,0.530755,0.469245,0,0.530755,0,0,0,0
"FSA Costs Multiplier 0.5 Fee Shifting Multiplier 1 P More Risk Averse","3","Truly Liable MutOptLiability5",0.0133,0,0.013304,0.640605,1,1,1,1,0.55,0.05,,,0,,,,,0.33045,0,0.66955,0.789779,10.4618,9.28778,1000,998.76,0.250433,0.158639,0.538213,0.696852,0.0475917,0.619749,0,0,0,,0.33045,0,0,1,0,5.48952,1,1,0,0,0,0.33045,0,0.140753,0.528797
"FSA Costs Multiplier 0.5 Fee Shifting Multiplier 1 P More Risk Averse","3","Truly Liable MutOptLiability4",0.0188,0,0.0188079,0.676362,1,1,1,1,0.525261,0.224294,,,0.398065,,,,,0.354065,0,0.247871,0.816739,10.3266,9.48621,1000,999.354,0.187181,0.0607337,0.673395,0.734128,0.0182201,0.633996,0,0,0.398065,0.487853,0.354065,0,0,1,0,4,1,1,0,0,0.398065,0.354065,0,0.045425,0.202446
"FSA Costs Multiplier 0.5 Fee Shifting Multiplier 1 P More Risk Averse","3","Truly Liable MutOptLiability3",0.0354,0,0.0353594,0.700226,1,1,1,1,0.508796,0.332152,,,0.646713,,,,,0.353287,0,0,,10.2395,9.61051,1000,999.723,0.15,0,0.760512,0.760512,0,0.650384,0,0,0.646713,0.486287,0.353287,0,0,1,0,3,1,1,0,0,0.646713,0.353287,0,0,0
"FSA Costs Multiplier 0.5 Fee Shifting Multiplier 1 P More Risk Averse","3","Truly Liable MutOptLiability2",0.057,0,0.0570152,0.721566,1,1,1,1,0.496236,0.400154,,,0.807837,,,,,0.192163,0,0,,10.3155,9.53445,1000,999.663,0.15,0,0.684454,0.684454,0,0.528063,0,0,0.807837,0.483447,0.192163,0,0,1,0,2,1,1,0,0,0.807837,0.192163,0,0,0
"FSA Costs Multiplier 0.5 Fee Shifting Multiplier 1 P More Risk Averse","3","Truly Liable MutOptLiability1",0.0788,0,0.0788101,0.739391,0.984798,0.984798,1,1,0.491591,0.450005,,,0.902892,,,,,0.0819064,0,0,,10.3652,9.48707,1000,999.625,0.14772,0,0.634791,0.634791,0,0.447873,0,0,0.902892,0.486292,0.0819064,0,0,1,0,1,0.984798,0.984798,0.015202,0,0.902892,0.0819064,0,0,0
"FSA Costs Multiplier 0.5 Fee Shifting Multiplier 1 P More Risk Averse","3","Truly Liable MutOptLiability0",0.0934,0,0.0933871,0.753321,0.972295,0.972295,1,1,0.484864,0.484864,,,0.972295,,,,,0,0,0,,10.3985,9.45565,1000,999.6,0.145844,0,0.601492,0.601492,0,0.393858,0,0,0.972295,0.484864,0,0,0,1,0,0,0.972295,0.972295,0.0277052,0,0.972295,0,0,0,0
"FSA Costs Multiplier 0.5 Fee Shifting Multiplier 1 P More Risk Averse","3","Truly Liable MutOptLiability-1",0.0788,0,0.0788123,0.739395,0.960809,0.960809,1,1,0.459994,0.502617,,,0.960809,,,,,0,0,0,,10.3904,9.4655,1000,999.612,0.144121,0,0.609618,0.609618,0,0.401198,0,0,0.960809,0.481306,0,0,0,1,0,-1,0.960809,0.960809,0.0391906,0,0.960809,0,0,0,0
"FSA Costs Multiplier 0.5 Fee Shifting Multiplier 1 P More Risk Averse","3","Truly Liable MutOptLiability-2",0.057,0,0.0570174,0.721573,0.943798,0.943798,1,1,0.421013,0.52281,,,0.943798,,,,,0,0,0,,10.3746,9.48383,1000,999.632,0.14157,0,0.625396,0.625396,0,0.418561,0,0,0.943798,0.471912,0,0,0,1,0,-2,0.943798,0.943798,0.0562023,0,0.943798,0,0,0,0
"FSA Costs Multiplier 0.5 Fee Shifting Multiplier 1 P More Risk Averse","3","Truly Liable MutOptLiability-3",0.0354,0,0.0353619,0.700235,0.917593,0.917593,1,1,0.357512,0.55,,,0.917593,,,,,0,0,0,,10.3475,9.51482,1000,999.664,0.137639,0,0.652456,0.652456,0,0.450125,0,0,0.917593,0.453756,0,0,0,1,0,-3,0.917593,0.917593,0.0824068,0,0.917593,0,0,0,0
"FSA Costs Multiplier 0.5 Fee Shifting Multiplier 1 P More Risk Averse","3","Truly Liable MutOptLiability-4",0.0188,0,0.0188103,0.67638,0.875906,0.875906,1,1,0.249048,0.55,,,0.875906,,,,,0,0,0,,10.2843,9.58436,1000,999.728,0.131386,0,0.715748,0.715748,0,0.536859,0,0,0.875906,0.399524,0,0,0,1,0,-4,0.875906,0.875906,0.124094,0,0.875906,0,0,0,0
"FSA Costs Multiplier 0.5 Fee Shifting Multiplier 1 P More Risk Averse","3","Truly Liable MutOptLiability-5",0.0133,0,0.013305,0.640638,0.73107,0.73107,1,1,0.05,0.55,,,0.73107,,,,,0,0,0,,10.1645,9.72585,1000,999.848,0.109661,0,0.835509,0.835509,0,0.708029,0,0,0.73107,0.3,0,0,0,1,0,-5.48919,0.73107,0.73107,0.26893,0,0.73107,0,0,0,0
"FSA Costs Multiplier 0.5 Fee Shifting Multiplier 1 P More Risk Averse","3","Truly Not Liable MutOptLiability5",0.0133,0,0.0133057,0.359367,1,1,1,1,0.55,0.05,,,0,,,,,0.731018,0,0.268982,0.520146,10.0464,9.76329,999.999,999.653,0.190347,0.236709,0,0.236709,0.240559,0,0,0,0,,0.731018,0,0,0,0,5.48957,1,1,0,0,0,0.731018,0,0.129072,0.13991
"FSA Costs Multiplier 0.5 Fee Shifting Multiplier 1 P More Risk Averse","3","Truly Not Liable MutOptLiability4",0.0188,0,0.0188092,0.323622,1,1,1,1,0.375666,0.0747295,,,0.398127,,,,,0.527242,0,0.074631,0.603348,10.0114,9.82742,999.999,999.838,0.161195,0.172575,0,0.172575,0.103832,0,0,0,0.398127,0.112115,0.527242,0,0,0,0,4,1,1,0,0,0.398127,0.527242,0,0.0296025,0.0450284
"FSA Costs Multiplier 0.5 Fee Shifting Multiplier 1 P More Risk Averse","3","Truly Not Liable MutOptLiability3",0.0354,0,0.0353607,0.299765,1,1,1,1,0.267833,0.091201,,,0.646736,,,,,0.353264,0,0,,9.99854,9.85146,1000,999.921,0.15,0.148538,0,0.148538,0.0429931,0,0,0,0.646736,0.113706,0.353264,0,0,0,0,3,1,1,0,0,0.646736,0.353264,0,0,0
"FSA Costs Multiplier 0.5 Fee Shifting Multiplier 1 P More Risk Averse","3","Truly Not Liable MutOptLiability2",0.057,0,0.0570191,0.27842,1,1,1,1,0.199831,0.103759,,,0.807854,,,,,0.192146,0,0,,10.0192,9.83085,1000,999.907,0.15,0.169151,0,0.169151,0.0540224,0,0,0,0.807854,0.116545,0.192146,0,0,0,0,2,1,1,0,0,0.807854,0.192146,0,0,0
"FSA Costs Multiplier 0.5 Fee Shifting Multiplier 1 P More Risk Averse","3","Truly Not Liable MutOptLiability1",0.0788,0,0.0788139,0.260599,0.747368,0.747368,1,1,0.191924,0.13713,,,0.665466,,,,,0.0819024,0,0,,10.0423,9.84556,1000,999.909,0.112105,0.154444,0,0.154444,0.0596974,0,0,0,0.665466,0.147854,0.0819024,0,0,0,0,1,0.747368,0.747368,0.252632,0,0.665466,0.0819024,0,0,0
"FSA Costs Multiplier 0.5 Fee Shifting Multiplier 1 P More Risk Averse","3","Truly Not Liable MutOptLiability0",0.0934,0,0.0933914,0.24667,0.564074,0.564074,1,1,0.186825,0.186825,,,0.564074,,,,,0,0,0,,10.0631,9.85231,1000,999.907,0.0846111,0.147689,0,0.147689,0.0666983,0,0,0,0.564074,0.186825,0,0,0,0,0,0,0.564074,0.564074,0.435926,0,0.564074,0,0,0,0
"FSA Costs Multiplier 0.5 Fee Shifting Multiplier 1 P More Risk Averse","3","Truly Not Liable MutOptLiability-1",0.0788,0,0.0788146,0.2606,0.511959,0.511959,1,1,0.177193,0.257182,,,0.511959,,,,,0,0,0,,10.0728,9.85041,1000,999.907,0.0767939,0.149588,0,0.149588,0.0670754,0,0,0,0.511959,0.217188,0,0,0,0,0,-1,0.511959,0.511959,0.488041,0,0.511959,0,0,0,0
"FSA Costs Multiplier 0.5 Fee Shifting Multiplier 1 P More Risk Averse","3","Truly Not Liable MutOptLiability-2",0.057,0,0.0570189,0.278423,0.47011,0.47011,1,1,0.164355,0.368723,,,0.47011,,,,,0,0,0,,10.09,9.83944,1000,999.901,0.0705165,0.160561,0,0.160561,0.0716839,0,0,0,0.47011,0.266539,0,0,0,0,0,-2,0.47011,0.47011,0.52989,0,0.47011,0,0,0,0
"FSA Costs Multiplier 0.5 Fee Shifting Multiplier 1 P More Risk Averse","3","Truly Not Liable MutOptLiability-3",0.0354,0,0.0353621,0.299764,0.435665,0.435665,1,1,0.144573,0.55,,,0.435665,,,,,0,0,0,,10.1186,9.81602,1000,999.888,0.0653497,0.183975,0,0.183975,0.0818665,0,0,0,0.435665,0.347287,0,0,0,0,0,-3,0.435665,0.435665,0.564335,0,0.435665,0,0,0,0
"FSA Costs Multiplier 0.5 Fee Shifting Multiplier 1 P More Risk Averse","3","Truly Not Liable MutOptLiability-4",0.0188,0,0.0188096,0.323629,0.403513,0.403513,1,1,0.111311,0.55,,,0.403513,,,,,0,0,0,,10.1032,9.83631,1000,999.903,0.060527,0.163687,0,0.163687,0.069114,0,0,0,0.403513,0.330656,0,0,0,0,0,-4,0.403513,0.403513,0.596487,0,0.403513,0,0,0,0
"FSA Costs Multiplier 0.5 Fee Shifting Multiplier 1 P More Risk Averse","3","Truly Not Liable MutOptLiability-5",0.0133,0,0.0133041,0.359378,0.330427,0.330427,1,1,0.05,0.55,,,0.330427,,,,,0,0,0,,10.0743,9.87609,1000,999.931,0.049564,0.12391,0,0.12391,0.0464663,0,0,0,0.330427,0.3,0,0,0,0,0,-5.48931,0.330427,0.330427,0.669573,0,0.330427,0,0,0,0
"FSA Costs Multiplier 0.5 Fee Shifting Multiplier 1 P More Risk Averse","3","High Quality",0.3263,0,0.326313,0.854797,0.998709,0.998709,1,1,0.520108,0.519528,,,0.943046,,,,,0.0307571,0,0.024905,0.922006,10.4518,9.39466,1000,999.524,0.153542,0.0439963,0.512619,0.556616,0.026406,0.299984,0,0,0.943046,0.532793,0.0307571,0,0,0.936562,0,-9.10326E-05,0.998709,0.998709,0.00129149,0,0.943046,0.0307571,0,0.00194245,0.0229628
"FSA Costs Multiplier 0.5 Fee Shifting Multiplier 1 P More Risk Averse","3","High Quality Liable MutOptLiability5",0.0057,0,0.00566071,0.816908,1,1,1,1,0.55,0.05,,,0,,,,,0.0891302,0,0.91087,0.922181,10.812,8.90133,1000,998.044,0.28663,0.317757,0.169438,0.487196,0.17981,0.200841,0,0,0,,0.0891302,0,0,0.919125,0,5.39103,1,1,0,0,0,0.0891302,0,0.0708834,0.839986
"FSA Costs Multiplier 0.5 Fee Shifting Multiplier 1 P More Risk Averse","3","High Quality Liable MutOptLiability4",0.0101,0,0.0100852,0.832173,1,1,1,1,0.54978,0.333603,,,0.567647,,,,,0.137788,0,0.294565,0.921704,10.5237,9.28215,1000,999.101,0.194185,0.126848,0.439909,0.566757,0.0729118,0.325926,0,0,0.567647,0.549612,0.137788,0,0,0.92638,0,4,1,1,0,0,0.567647,0.137788,0,0.0230634,0.271502
"FSA Costs Multiplier 0.5 Fee Shifting Multiplier 1 P More Risk Averse","3","High Quality Liable MutOptLiability3",0.0213,0,0.0212779,0.842878,1,1,1,1,0.549428,0.457303,,,0.815749,,,,,0.184251,0,0,,10.3731,9.47691,1000,999.616,0.15,0.0338454,0.581754,0.615599,0.0204685,0.405176,0,0,0.815749,0.549299,0.184251,0,0,0.931303,0,3,1,1,0,0,0.815749,0.184251,0,0,0
"FSA Costs Multiplier 0.5 Fee Shifting Multiplier 1 P More Risk Averse","3","High Quality Liable MutOptLiability2",0.0374,0,0.0373617,0.85262,1,1,1,1,0.548666,0.51109,,,0.924848,,,,,0.0751519,0,0,,10.4323,9.41767,1000,999.569,0.15,0.0361969,0.529896,0.566092,0.0223157,0.319699,0,0,0.924848,0.548558,0.0751519,0,0,0.93568,0,2,1,1,0,0,0.924848,0.0751519,0,0,0
"FSA Costs Multiplier 0.5 Fee Shifting Multiplier 1 P More Risk Averse","3","High Quality Liable MutOptLiability1",0.0549,0,0.0548733,0.860981,0.999997,0.999997,1,1,0.547056,0.534171,,,0.974229,,,,,0.0257686,0,0,,10.4579,9.39212,1000,999.549,0.15,0.0362285,0.508603,0.544832,0.0225018,0.283486,0,0,0.974229,0.546978,0.0257686,0,0,0.939353,0,1,0.999997,0.999997,2.81342E-06,0,0.974229,0.0257686,0,0,0
"FSA Costs Multiplier 0.5 Fee Shifting Multiplier 1 P More Risk Averse","3","High Quality Liable MutOptLiability0",0.0678,0,0.0677849,0.867724,0.999988,0.999988,1,1,0.543832,0.543832,,,0.999988,,,,,0,0,0,,10.4688,9.38117,1000,999.54,0.149998,0.035462,0.500232,0.535694,0.0220855,0.268307,0,0,0.999988,0.543832,0,0,0,0.942258,0,0,0.999988,0.999988,1.18096E-05,0,0.999988,0,0,0,0
"FSA Costs Multiplier 0.5 Fee Shifting Multiplier 1 P More Risk Averse","3","High Quality Liable MutOptLiability-1",0.0549,0,0.0548755,0.860983,0.999942,0.999942,1,1,0.534199,0.547083,,,0.999942,,,,,0,0,0,,10.4656,9.38439,1000,999.544,0.149991,0.0369733,0.501618,0.538591,0.0228371,0.270562,0,0,0.999942,0.540641,0,0,0,0.939354,0,-1,0.999942,0.999942,5.77072E-05,0,0.999942,0,0,0,0
"FSA Costs Multiplier 0.5 Fee Shifting Multiplier 1 P More Risk Averse","3","High Quality Liable MutOptLiability-2",0.0374,0,0.037364,0.852623,0.999736,0.999736,1,1,0.511217,0.548798,,,0.999736,,,,,0,0,0,,10.4549,9.39515,1000,999.556,0.14996,0.0382987,0.509448,0.547747,0.0232627,0.281871,0,0,0.999736,0.530008,0,0,0,0.935681,0,-2,0.999736,0.999736,0.00026432,0,0.999736,0,0,0,0
"FSA Costs Multiplier 0.5 Fee Shifting Multiplier 1 P More Risk Averse","3","High Quality Liable MutOptLiability-3",0.0213,0,0.0212802,0.842882,0.998856,0.998856,1,1,0.457786,0.55,,,0.998856,,,,,0,0,0,,10.4284,9.42177,1000,999.583,0.149828,0.0387538,0.53137,0.570124,0.0226825,0.311966,0,0,0.998856,0.503893,0,0,0,0.931305,0,-3,0.998856,0.998856,0.00114353,0,0.998856,0,0,0,0
"FSA Costs Multiplier 0.5 Fee Shifting Multiplier 1 P More Risk Averse","3","High Quality Liable MutOptLiability-4",0.0101,0,0.0100873,0.832178,0.995293,0.995293,1,1,0.335007,0.55,,,0.995293,,,,,0,0,0,,10.3658,9.48493,1000,999.647,0.149294,0.0367215,0.586363,0.623084,0.0195852,0.385799,0,0,0.995293,0.442504,0,0,0,0.926382,0,-4,0.995293,0.995293,0.00470701,0,0.995293,0,0,0,0
"FSA Costs Multiplier 0.5 Fee Shifting Multiplier 1 P More Risk Averse","3","High Quality Liable MutOptLiability-5",0.0057,0,0.00566232,0.816915,0.940728,0.940728,1,1,0.05,0.55,,,0.940728,,,,,0,0,0,,10.2117,9.64723,1000,999.804,0.141109,0.0281207,0.724337,0.752458,0.0105453,0.573374,0,0,0.940728,0.3,0,0,0,0.919129,0,-5.39076,0.940728,0.940728,0.0592717,0,0.940728,0,0,0,0
"FSA Costs Multiplier 0.5 Fee Shifting Multiplier 1 P More Risk Averse","3","PLiabilitySignal 1",0.0863,0,0.08626,0.149352,0,0,1,1,,,,,0,,,,,0,0,0,,10,10,1000,1000,0,0,0.0809518,0.0809518,0,0.0809518,0,0,0,,0,0,0,0.0809518,0,-1.88523,0,0,1,0,0,0,0,0,0
"FSA Costs Multiplier 0.5 Fee Shifting Multiplier 1 P More Risk Averse","3","PLiabilitySignal 2",0.102,0,0.10203,0.190383,0,0,1,1,,,,,0,,,,,0,0,0,,10,10,1000,1000,0,0,0.116849,0.116849,0,0.116849,0,0,0,,0,0,0,0.116849,0,-1.15786,0,0,1,0,0,0,0,0,0
"FSA Costs Multiplier 0.5 Fee Shifting Multiplier 1 P More Risk Averse","3","PLiabilitySignal 3",0.1068,0,0.10676,0.250256,1,1,1,1,0.05,0.139185,,,1,,,,,0,0,0,,10.0196,9.83041,1000,999.919,0.15,0.129282,0.165352,0.294634,0.0261491,0.15557,0,0,1,0.0945925,0,0,0,0.178836,0,-0.58081,1,1,0,0,1,0,0,0,0
"FSA Costs Multiplier 0.5 Fee Shifting Multiplier 1 P More Risk Averse","3","PLiabilitySignal 4",0.1042,0,0.10421,0.334236,1,1,1,1,0.05,0.18968,,,1,,,,,0,0,0,,10.0448,9.80516,1000,999.904,0.15,0.123762,0.249983,0.373746,0.0280929,0.228194,0,0,1,0.11984,0,0,0,0.279183,0,-0.20768,1,1,0,0,1,0,0,0,0
"FSA Costs Multiplier 0.5 Fee Shifting Multiplier 1 P More Risk Averse","3","PLiabilitySignal 5",0.1008,0,0.10075,0.441376,1,1,1,1,0.05,0.260175,,,1,,,,,0,0,0,,10.0801,9.76991,1000,999.882,0.15,0.11107,0.364189,0.475259,0.0283557,0.32176,0,0,1,0.155087,0,0,0,0.42018,0,-0.03883,1,1,0,0,1,0,0,0,0
"FSA Costs Multiplier 0.5 Fee Shifting Multiplier 1 P More Risk Averse","3","PLiabilitySignal 6",0.1008,0,0.10075,0.558629,1,1,1,1,0.55,0.33983,,,0.57966,,,,,0.42034,0,0,,10.2438,9.60619,1000,999.718,0.15,0.116323,0.389311,0.505634,0.0617303,0.295657,0,0,0.57966,0.55,0.42034,0,0,0.579827,0,0.03874,1,1,0,0,0.57966,0.42034,0,0,0
"FSA Costs Multiplier 0.5 Fee Shifting Multiplier 1 P More Risk Averse","3","PLiabilitySignal 7",0.1042,0,0.10421,0.665769,1,1,1,1,0.55,0.410325,,,0.72065,,,,,0.27935,0,0,,10.3214,9.52864,1000,999.657,0.15,0.0948944,0.452484,0.547378,0.0533396,0.317159,0,0,0.72065,0.55,0.27935,0,0,0.720823,0,0.20759,1,1,0,0,0.72065,0.27935,0,0,0
"FSA Costs Multiplier 0.5 Fee Shifting Multiplier 1 P More Risk Averse","3","PLiabilitySignal 8",0.1068,0,0.10676,0.749734,1,1,1,1,0.55,0.460805,,,0.82161,,,,,0.17839,0,0,,10.3769,9.47311,1000,999.613,0.15,0.0722703,0.489709,0.561979,0.0422057,0.320097,0,0,0.82161,0.55,0.17839,0,0,0.821151,0,0.58099,1,1,0,0,0.82161,0.17839,0,0,0
"FSA Costs Multiplier 0.5 Fee Shifting Multiplier 1 P More Risk Averse","3","PLiabilitySignal 9",0.102,0,0.10203,0.809608,1,1,1,1,0.55,0.492285,,,0.88457,,,,,0,0,0.11543,0.699702,10.4905,9.34215,1000,999.401,0.167314,0.0935778,0.444609,0.538187,0.0680591,0.251578,0,0,0.88457,0.55,0,0,0,0.88314,0,1.15804,1,1,0,0,0.88457,0,0,0.0346634,0.0807666
"FSA Costs Multiplier 0.5 Fee Shifting Multiplier 1 P More Risk Averse","3","PLiabilitySignal 10",0.0862,0,0.08624,0.850648,1,1,1,1,0.55,0.51072,,,0.92144,,,,,0,0,0.07856,0.783851,10.4942,9.34405,1000,999.429,0.161784,0.0687298,0.463525,0.532255,0.0469317,0.253725,0,0,0.92144,0.55,0,0,0,0.919048,0,1.88523,1,1,0,0,0.92144,0,0,0.0169807,0.0615793
"FSA Costs Multiplier 0.5 Fee Shifting Multiplier 1 P More Risk Averse","3","DLiabilitySignal 1",0.0863,0,0.0862637,0.149358,0.517057,0.517057,1,1,0.12599,0.05,,,0.438475,,,,,0.0742335,0,0.004349,0.427159,9.98458,9.93721,1000,999.97,0.0782108,0.0557381,0.0822328,0.137971,0.00801391,0.0847526,0,0,0.438475,0.05,0.0742335,0,0,0.080957,0,1.88536,0.517057,0.517057,0.482943,0,0.438475,0.0742335,0,0.00249109,0.0018576
"FSA Costs Multiplier 0.5 Fee Shifting Multiplier 1 P More Risk Averse","3","DLiabilitySignal 2",0.102,0,0.102029,0.190386,0.57016,0.57016,1,1,0.151213,0.05,,,0.454744,,,,,0.105993,0,0.009422,0.528338,9.98433,9.92874,1000,999.961,0.0869372,0.0589679,0.117726,0.176693,0.00991474,0.122191,0,0,0.454744,0.05,0.105993,0,0,0.116854,0,1.15791,0.57016,0.57016,0.42984,0,0.454744,0.105993,0,0.00444388,0.0049779
"FSA Costs Multiplier 0.5 Fee Shifting Multiplier 1 P More Risk Averse","3","DLiabilitySignal 3",0.1068,0,0.106758,0.25026,0.6417,0.6417,1,1,0.188986,0.05,,,0.463325,,,,,0.156999,0,0.021376,0.627505,9.98767,9.91287,1000,999.94,0.0994615,0.0633857,0.176605,0.23999,0.0137635,0.184762,0,0,0.463325,0.05,0.156999,0,0,0.178843,0,0.580883,0.6417,0.6417,0.3583,0,0.463325,0.156999,0,0.00796253,0.0134137
"FSA Costs Multiplier 0.5 Fee Shifting Multiplier 1 P More Risk Averse","3","DLiabilitySignal 4",0.1042,0,0.104208,0.334228,0.729964,0.729964,1,1,0.241338,0.05,,,0.450625,,,,,0.231488,0,0.047851,0.717068,10.0016,9.8817,1000,999.889,0.116672,0.0700184,0.265394,0.335412,0.0210163,0.279884,0,0,0.450625,0.05,0.231488,0,0,0.279173,0,0.207545,0.729964,0.729964,0.270036,0,0.450625,0.231488,0,0.0135386,0.0343125
"FSA Costs Multiplier 0.5 Fee Shifting Multiplier 1 P More Risk Averse","3","DLiabilitySignal 5",0.1008,0,0.100751,0.441373,0.823029,0.823029,1,1,0.305367,0.05,,,0.402681,,,,,0.321617,0,0.098732,0.791711,10.0378,9.82393,1000,999.787,0.138264,0.0807145,0.375982,0.456696,0.0326141,0.399424,0,0,0.402681,0.05,0.321617,0,0,0.420176,0,0.0387763,0.823029,0.823029,0.176971,0,0.402681,0.321617,0,0.0205648,0.078167
"FSA Costs Multiplier 0.5 Fee Shifting Multiplier 1 P More Risk Averse","3","DLiabilitySignal 6",0.1008,0,0.10075,0.558621,0.901258,0.901258,1,1,0.371572,0.55,,,0.901258,,,,,0,0,0,,10.3477,9.51712,1000,999.664,0.135189,0.166769,0.347603,0.514372,0.0866316,0.21816,0,0,0.901258,0.460786,0,0,0,0.579815,0,-0.0388902,0.901258,0.901258,0.0987415,0,0.901258,0,0,0,0
"FSA Costs Multiplier 0.5 Fee Shifting Multiplier 1 P More Risk Averse","3","DLiabilitySignal 7",0.1042,0,0.104206,0.665766,0.952144,0.952144,1,1,0.428436,0.55,,,0.952144,,,,,0,0,0,,10.3944,9.46278,1000,999.617,0.142822,0.125417,0.415122,0.540539,0.0680421,0.247816,0,0,0.952144,0.489218,0,0,0,0.72082,0,-0.207657,0.952144,0.952144,0.0478562,0,0.952144,0,0,0,0
"FSA Costs Multiplier 0.5 Fee Shifting Multiplier 1 P More Risk Averse","3","DLiabilitySignal 8",0.1068,0,0.106754,0.749735,0.978621,0.978621,1,1,0.469783,0.55,,,0.978621,,,,,0,0,0,,10.4256,9.42761,1000,999.586,0.146793,0.088782,0.459529,0.548311,0.0500142,0.26413,0,0,0.978621,0.509891,0,0,0,0.821152,0,-0.580993,0.978621,0.978621,0.0213786,0,0.978621,0,0,0,0
"FSA Costs Multiplier 0.5 Fee Shifting Multiplier 1 P More Risk Averse","3","DLiabilitySignal 9",0.102,0,0.102024,0.80961,0.990577,0.990577,1,1,0.496497,0.55,,,0.990577,,,,,0,0,0,,10.444,9.40739,1000,999.567,0.148587,0.0625348,0.484872,0.547407,0.0363139,0.27148,0,0,0.990577,0.523248,0,0,0,0.883143,0,-1.15802,0.990577,0.990577,0.00942283,0,0.990577,0,0,0,0
"FSA Costs Multiplier 0.5 Fee Shifting Multiplier 1 P More Risk Averse","3","DLiabilitySignal 10",0.0863,0,0.0862547,0.850647,0.995674,0.995674,1,1,0.512719,0.55,,,0.995674,,,,,0,0,0,,10.4544,9.39626,1000,999.556,0.149351,0.045673,0.498472,0.544145,0.0271329,0.27434,0,0,0.995674,0.531359,0,0,0,0.91905,0,-1.88533,0.995674,0.995674,0.00432571,0,0.995674,0,0,0,0
"FSA Costs Multiplier 0.5 Fee Shifting Multiplier 1 P More Risk Averse","3","PDoesntFile",0.1883,0,0.18829,0.171586,0,0,1,1,,,,,0,,,,,0,0,0,,10,10,1000,1000,0,0,0.100404,0.100404,0,0.100404,0,0,0,,0,0,0,0.100404,0,-1.49109,0,0,1,0,0,0,0,0,0
"FSA Costs Multiplier 0.5 Fee Shifting Multiplier 1 P More Risk Averse","3","P Files",0.8117,0,0.81171,0.576172,1,1,1,1,0.357986,0.346558,,,0.865645,,,,,0.111499,0,0.022856,0.730432,10.2535,9.59305,1000,999.696,0.153428,0.10187,0.375,0.47687,0.0441676,0.26779,0,0,0.865645,0.360385,0.111499,0,0,0.592682,0,0.34586,1,1,0,0,0.865645,0.111499,0,0.00616121,0.0166947
"FSA Costs Multiplier 0.5 Fee Shifting Multiplier 1 P More Risk Averse","3","DDoesntAnswer",0,0,0,,,,,,,,,,,,,,,,,,,,,,,,,,,,,,,,,,,,,,,,,,,,,,,
"FSA Costs Multiplier 0.5 Fee Shifting Multiplier 1 P More Risk Averse","3","D Answers",0.8117,0,0.81171,0.576172,1,1,1,1,0.357986,0.346558,,,0.865645,,,,,0.111499,0,0.022856,0.730432,10.2535,9.59305,1000,999.696,0.153428,0.10187,0.375,0.47687,0.0441676,0.26779,0,0,0.865645,0.360385,0.111499,0,0,0.592682,0,0.34586,1,1,0,0,0.865645,0.111499,0,0.00616121,0.0166947
"FSA Costs Multiplier 0.5 Fee Shifting Multiplier 1 P More Risk Averse","3","Settles1",0.7027,0,0.702652,0.587994,1,1,1,1,0.328183,0.392586,,,1,,,,,0,0,0,,10.2854,9.56462,1000,999.698,0.15,0.102752,0.365494,0.468246,0.0427228,0.235431,0,0,1,0.360385,0,0,0,0.607067,0,-0.124657,1,1,0,0,1,0,0,0,0
"FSA Costs Multiplier 0.5 Fee Shifting Multiplier 1 P More Risk Averse","3","DoesntSettle1",0.1091,0,0.109058,0.499997,1,1,1,1,0.55,0.05,,,0,,,,,0.829885,0,0.170115,0.730432,10.0483,9.77622,999.999,999.686,0.175517,0.0961867,0.436244,0.532431,0.0534761,0.476276,0,0,0,,0.829885,0,0,0.499997,0,3.37737,1,1,0,0,0,0.829885,0,0.0458576,0.124257
"FSA Costs Multiplier 0.5 Fee Shifting Multiplier 1 P More Risk Averse","3","PAbandons1",0.0905,0,0.0905052,0.466246,1,1,1,1,0.55,0.05,,,0,,,,,1,0,0,,9.925,9.925,999.999,999.97,0.15,0.0410582,0.486499,0.527557,0.00307937,0.522987,0,0,0,,1,0,0,0.452557,0,3.02092,1,1,0,0,0,1,0,0,0
"FSA Costs Multiplier 0.5 Fee Shifting Multiplier 1 P More Risk Averse","3","PDoesntAbandon1",0.0186,0,0.0185523,0.66465,1,1,1,1,0.55,0.05,,,0,,,,,0,0,1,0.730432,10.6496,9.05044,1000,998.301,0.3,0.365124,0.191081,0.556206,0.29933,0.248406,0,0,0,,0,0,0,0.731423,0,5.11631,1,1,0,0,0,0,0,0.269568,0.730432
"FSA Costs Multiplier 0.5 Fee Shifting Multiplier 1 P More Risk Averse","3","DDefaults1",0,0,0,,,,,,,,,,,,,,,,,,,,,,,,,,,,,,,,,,,,,,,,,,,,,,,
"FSA Costs Multiplier 0.5 Fee Shifting Multiplier 1 P More Risk Averse","3","DDoesntDefault1",0.0186,0,0.0185523,0.66465,1,1,1,1,0.55,0.05,,,0,,,,,0,0,1,0.730432,10.6496,9.05044,1000,998.301,0.3,0.365124,0.191081,0.556206,0.29933,0.248406,0,0,0,,0,0,0,0.731423,0,5.11631,1,1,0,0,0,0,0,0.269568,0.730432
"FSA Costs Multiplier 0.5 Fee Shifting Multiplier 1 P More Risk Averse","3","POrDQuits1",0.0905,0,0.0905052,0.466246,1,1,1,1,0.55,0.05,,,0,,,,,1,0,0,,9.925,9.925,999.999,999.97,0.15,0.0410582,0.486499,0.527557,0.00307937,0.522987,0,0,0,,1,0,0,0.452557,0,3.02092,1,1,0,0,0,1,0,0,0
"FSA Costs Multiplier 0.5 Fee Shifting Multiplier 1 P More Risk Averse","3","P Loses",0.005,0,0.00500112,0.528384,1,1,1,1,0.55,0.05,,,0,,,,,0,0,1,0,9.7,10,999.992,1000,0.3,0,0.708843,0.708843,0,0.921495,0,0,0,,0,0,0,0.545263,0,5.35873,1,1,0,0,0,0,0,1,0
"FSA Costs Multiplier 0.5 Fee Shifting Multiplier 1 P More Risk Averse","3","P Wins",0.0136,0,0.0135512,0.714939,1,1,1,1,0.55,0.05,,,0,,,,,0,0,1,1,11,8.7,1000,997.675,0.3,0.499875,0,0.499875,0.409799,0,0,0,0,,0,0,0,0.800125,0,5.02684,1,1,0,0,0,0,0,0,1
