"OptionSetName","Equilibrium Number","Information Set Number","Player Index","Player","Decision Index","Decision Code","Decision","Information Set Labels","Information Set Contents","Equilibrium Reach Probability","Off Path","Conditional Information-Set Utility","Best Action Utility","Action","Action Label","Equilibrium Action Probability","Conditional Action Utility","Utility Loss from Best Action","Is Best Action"
"Specification-TruthConditionedLatentMeritsModerateRiskAversion__Cost-1__Fee-British","1","0","0","P","2","9","P Files","P Liability Signal: 1","1","0.086260000000000017","false","999.99999798779982","999.99999798779982","1","Yes","0","999.84128500808254","0.15871297971727927","false"
"Specification-TruthConditionedLatentMeritsModerateRiskAversion__Cost-1__Fee-British","1","0","0","P","2","9","P Files","P Liability Signal: 1","1","0.086260000000000017","false","999.99999798779982","999.99999798779982","2","No","1","999.99999798779982","0","true"
"Specification-TruthConditionedLatentMeritsModerateRiskAversion__Cost-1__Fee-British","1","2","0","P","5","20","P Abandons","P Liability Signal: 1;P Files: 1;D Answers: 1","1,1,1","0","true","","","1","Yes","0.5","","",""
"Specification-TruthConditionedLatentMeritsModerateRiskAversion__Cost-1__Fee-British","1","2","0","P","5","20","P Abandons","P Liability Signal: 1;P Files: 1;D Answers: 1","1,1,1","0","true","","","2","No","0.5","","",""
"Specification-TruthConditionedLatentMeritsModerateRiskAversion__Cost-1__Fee-British","1","4","0","P","7","14","P Offer","P Liability Signal: 1;P Files: 1;D Answers: 1;P Abandons: 1","1,1,1,1","0","true","","","1","0.05","0.10000000000000001","","",""
"Specification-TruthConditionedLatentMeritsModerateRiskAversion__Cost-1__Fee-British","1","4","0","P","7","14","P Offer","P Liability Signal: 1;P Files: 1;D Answers: 1;P Abandons: 1","1,1,1,1","0","true","","","2","0.15","0.10000000000000001","","",""
"Specification-TruthConditionedLatentMeritsModerateRiskAversion__Cost-1__Fee-British","1","4","0","P","7","14","P Offer","P Liability Signal: 1;P Files: 1;D Answers: 1;P Abandons: 1","1,1,1,1","0","true","","","3","0.25","0.10000000000000001","","",""
"Specification-TruthConditionedLatentMeritsModerateRiskAversion__Cost-1__Fee-British","1","4","0","P","7","14","P Offer","P Liability Signal: 1;P Files: 1;D Answers: 1;P Abandons: 1","1,1,1,1","0","true","","","4","0.35","0.10000000000000001","","",""
"Specification-TruthConditionedLatentMeritsModerateRiskAversion__Cost-1__Fee-British","1","4","0","P","7","14","P Offer","P Liability Signal: 1;P Files: 1;D Answers: 1;P Abandons: 1","1,1,1,1","0","true","","","5","0.45","0.10000000000000001","","",""
"Specification-TruthConditionedLatentMeritsModerateRiskAversion__Cost-1__Fee-British","1","4","0","P","7","14","P Offer","P Liability Signal: 1;P Files: 1;D Answers: 1;P Abandons: 1","1,1,1,1","0","true","","","6","0.55","0.10000000000000001","","",""
"Specification-TruthConditionedLatentMeritsModerateRiskAversion__Cost-1__Fee-British","1","4","0","P","7","14","P Offer","P Liability Signal: 1;P Files: 1;D Answers: 1;P Abandons: 1","1,1,1,1","0","true","","","7","0.65","0.10000000000000001","","",""
"Specification-TruthConditionedLatentMeritsModerateRiskAversion__Cost-1__Fee-British","1","4","0","P","7","14","P Offer","P Liability Signal: 1;P Files: 1;D Answers: 1;P Abandons: 1","1,1,1,1","0","true","","","8","0.75","0.10000000000000001","","",""
"Specification-TruthConditionedLatentMeritsModerateRiskAversion__Cost-1__Fee-British","1","4","0","P","7","14","P Offer","P Liability Signal: 1;P Files: 1;D Answers: 1;P Abandons: 1","1,1,1,1","0","true","","","9","0.85","0.10000000000000001","","",""
"Specification-TruthConditionedLatentMeritsModerateRiskAversion__Cost-1__Fee-British","1","4","0","P","7","14","P Offer","P Liability Signal: 1;P Files: 1;D Answers: 1;P Abandons: 1","1,1,1,1","0","true","","","10","0.95","0.10000000000000001","","",""
"Specification-TruthConditionedLatentMeritsModerateRiskAversion__Cost-1__Fee-British","1","7","0","P","7","14","P Offer","P Liability Signal: 1;P Files: 1;D Answers: 1;P Abandons: 2","1,1,1,2","0","true","","","1","0.05","0.10000000000000001","","",""
"Specification-TruthConditionedLatentMeritsModerateRiskAversion__Cost-1__Fee-British","1","7","0","P","7","14","P Offer","P Liability Signal: 1;P Files: 1;D Answers: 1;P Abandons: 2","1,1,1,2","0","true","","","2","0.15","0.10000000000000001","","",""
"Specification-TruthConditionedLatentMeritsModerateRiskAversion__Cost-1__Fee-British","1","7","0","P","7","14","P Offer","P Liability Signal: 1;P Files: 1;D Answers: 1;P Abandons: 2","1,1,1,2","0","true","","","3","0.25","0.10000000000000001","","",""
"Specification-TruthConditionedLatentMeritsModerateRiskAversion__Cost-1__Fee-British","1","7","0","P","7","14","P Offer","P Liability Signal: 1;P Files: 1;D Answers: 1;P Abandons: 2","1,1,1,2","0","true","","","4","0.35","0.10000000000000001","","",""
"Specification-TruthConditionedLatentMeritsModerateRiskAversion__Cost-1__Fee-British","1","7","0","P","7","14","P Offer","P Liability Signal: 1;P Files: 1;D Answers: 1;P Abandons: 2","1,1,1,2","0","true","","","5","0.45","0.10000000000000001","","",""
"Specification-TruthConditionedLatentMeritsModerateRiskAversion__Cost-1__Fee-British","1","7","0","P","7","14","P Offer","P Liability Signal: 1;P Files: 1;D Answers: 1;P Abandons: 2","1,1,1,2","0","true","","","6","0.55","0.10000000000000001","","",""
"Specification-TruthConditionedLatentMeritsModerateRiskAversion__Cost-1__Fee-British","1","7","0","P","7","14","P Offer","P Liability Signal: 1;P Files: 1;D Answers: 1;P Abandons: 2","1,1,1,2","0","true","","","7","0.65","0.10000000000000001","","",""
"Specification-TruthConditionedLatentMeritsModerateRiskAversion__Cost-1__Fee-British","1","7","0","P","7","14","P Offer","P Liability Signal: 1;P Files: 1;D Answers: 1;P Abandons: 2","1,1,1,2","0","true","","","8","0.75","0.10000000000000001","","",""
"Specification-TruthConditionedLatentMeritsModerateRiskAversion__Cost-1__Fee-British","1","7","0","P","7","14","P Offer","P Liability Signal: 1;P Files: 1;D Answers: 1;P Abandons: 2","1,1,1,2","0","true","","","9","0.85","0.10000000000000001","","",""
"Specification-TruthConditionedLatentMeritsModerateRiskAversion__Cost-1__Fee-British","1","7","0","P","7","14","P Offer","P Liability Signal: 1;P Files: 1;D Answers: 1;P Abandons: 2","1,1,1,2","0","true","","","10","0.95","0.10000000000000001","","",""
"Specification-TruthConditionedLatentMeritsModerateRiskAversion__Cost-1__Fee-British","1","44","0","P","2","9","P Files","P Liability Signal: 2","2","0.10203","false","999.99999798780004","999.99999798780004","1","Yes","0","999.86162246595188","0.13837552184816104","false"
"Specification-TruthConditionedLatentMeritsModerateRiskAversion__Cost-1__Fee-British","1","44","0","P","2","9","P Files","P Liability Signal: 2","2","0.10203","false","999.99999798780004","999.99999798780004","2","No","1","999.99999798780004","0","true"
"Specification-TruthConditionedLatentMeritsModerateRiskAversion__Cost-1__Fee-British","1","45","0","P","5","20","P Abandons","P Liability Signal: 2;P Files: 1;D Answers: 1","2,1,1","0","true","","","1","Yes","0.5","","",""
"Specification-TruthConditionedLatentMeritsModerateRiskAversion__Cost-1__Fee-British","1","45","0","P","5","20","P Abandons","P Liability Signal: 2;P Files: 1;D Answers: 1","2,1,1","0","true","","","2","No","0.5","","",""
"Specification-TruthConditionedLatentMeritsModerateRiskAversion__Cost-1__Fee-British","1","46","0","P","7","14","P Offer","P Liability Signal: 2;P Files: 1;D Answers: 1;P Abandons: 1","2,1,1,1","0","true","","","1","0.05","0.10000000000000001","","",""
"Specification-TruthConditionedLatentMeritsModerateRiskAversion__Cost-1__Fee-British","1","46","0","P","7","14","P Offer","P Liability Signal: 2;P Files: 1;D Answers: 1;P Abandons: 1","2,1,1,1","0","true","","","2","0.15","0.10000000000000001","","",""
"Specification-TruthConditionedLatentMeritsModerateRiskAversion__Cost-1__Fee-British","1","46","0","P","7","14","P Offer","P Liability Signal: 2;P Files: 1;D Answers: 1;P Abandons: 1","2,1,1,1","0","true","","","3","0.25","0.10000000000000001","","",""
"Specification-TruthConditionedLatentMeritsModerateRiskAversion__Cost-1__Fee-British","1","46","0","P","7","14","P Offer","P Liability Signal: 2;P Files: 1;D Answers: 1;P Abandons: 1","2,1,1,1","0","true","","","4","0.35","0.10000000000000001","","",""
"Specification-TruthConditionedLatentMeritsModerateRiskAversion__Cost-1__Fee-British","1","46","0","P","7","14","P Offer","P Liability Signal: 2;P Files: 1;D Answers: 1;P Abandons: 1","2,1,1,1","0","true","","","5","0.45","0.10000000000000001","","",""
"Specification-TruthConditionedLatentMeritsModerateRiskAversion__Cost-1__Fee-British","1","46","0","P","7","14","P Offer","P Liability Signal: 2;P Files: 1;D Answers: 1;P Abandons: 1","2,1,1,1","0","true","","","6","0.55","0.10000000000000001","","",""
"Specification-TruthConditionedLatentMeritsModerateRiskAversion__Cost-1__Fee-British","1","46","0","P","7","14","P Offer","P Liability Signal: 2;P Files: 1;D Answers: 1;P Abandons: 1","2,1,1,1","0","true","","","7","0.65","0.10000000000000001","","",""
"Specification-TruthConditionedLatentMeritsModerateRiskAversion__Cost-1__Fee-British","1","46","0","P","7","14","P Offer","P Liability Signal: 2;P Files: 1;D Answers: 1;P Abandons: 1","2,1,1,1","0","true","","","8","0.75","0.10000000000000001","","",""
"Specification-TruthConditionedLatentMeritsModerateRiskAversion__Cost-1__Fee-British","1","46","0","P","7","14","P Offer","P Liability Signal: 2;P Files: 1;D Answers: 1;P Abandons: 1","2,1,1,1","0","true","","","9","0.85","0.10000000000000001","","",""
"Specification-TruthConditionedLatentMeritsModerateRiskAversion__Cost-1__Fee-British","1","46","0","P","7","14","P Offer","P Liability Signal: 2;P Files: 1;D Answers: 1;P Abandons: 1","2,1,1,1","0","true","","","10","0.95","0.10000000000000001","","",""
"Specification-TruthConditionedLatentMeritsModerateRiskAversion__Cost-1__Fee-British","1","47","0","P","7","14","P Offer","P Liability Signal: 2;P Files: 1;D Answers: 1;P Abandons: 2","2,1,1,2","0","true","","","1","0.05","0.10000000000000001","","",""
"Specification-TruthConditionedLatentMeritsModerateRiskAversion__Cost-1__Fee-British","1","47","0","P","7","14","P Offer","P Liability Signal: 2;P Files: 1;D Answers: 1;P Abandons: 2","2,1,1,2","0","true","","","2","0.15","0.10000000000000001","","",""
"Specification-TruthConditionedLatentMeritsModerateRiskAversion__Cost-1__Fee-British","1","47","0","P","7","14","P Offer","P Liability Signal: 2;P Files: 1;D Answers: 1;P Abandons: 2","2,1,1,2","0","true","","","3","0.25","0.10000000000000001","","",""
"Specification-TruthConditionedLatentMeritsModerateRiskAversion__Cost-1__Fee-British","1","47","0","P","7","14","P Offer","P Liability Signal: 2;P Files: 1;D Answers: 1;P Abandons: 2","2,1,1,2","0","true","","","4","0.35","0.10000000000000001","","",""
"Specification-TruthConditionedLatentMeritsModerateRiskAversion__Cost-1__Fee-British","1","47","0","P","7","14","P Offer","P Liability Signal: 2;P Files: 1;D Answers: 1;P Abandons: 2","2,1,1,2","0","true","","","5","0.45","0.10000000000000001","","",""
"Specification-TruthConditionedLatentMeritsModerateRiskAversion__Cost-1__Fee-British","1","47","0","P","7","14","P Offer","P Liability Signal: 2;P Files: 1;D Answers: 1;P Abandons: 2","2,1,1,2","0","true","","","6","0.55","0.10000000000000001","","",""
"Specification-TruthConditionedLatentMeritsModerateRiskAversion__Cost-1__Fee-British","1","47","0","P","7","14","P Offer","P Liability Signal: 2;P Files: 1;D Answers: 1;P Abandons: 2","2,1,1,2","0","true","","","7","0.65","0.10000000000000001","","",""
"Specification-TruthConditionedLatentMeritsModerateRiskAversion__Cost-1__Fee-British","1","47","0","P","7","14","P Offer","P Liability Signal: 2;P Files: 1;D Answers: 1;P Abandons: 2","2,1,1,2","0","true","","","8","0.75","0.10000000000000001","","",""
"Specification-TruthConditionedLatentMeritsModerateRiskAversion__Cost-1__Fee-British","1","47","0","P","7","14","P Offer","P Liability Signal: 2;P Files: 1;D Answers: 1;P Abandons: 2","2,1,1,2","0","true","","","9","0.85","0.10000000000000001","","",""
"Specification-TruthConditionedLatentMeritsModerateRiskAversion__Cost-1__Fee-British","1","47","0","P","7","14","P Offer","P Liability Signal: 2;P Files: 1;D Answers: 1;P Abandons: 2","2,1,1,2","0","true","","","10","0.95","0.10000000000000001","","",""
"Specification-TruthConditionedLatentMeritsModerateRiskAversion__Cost-1__Fee-British","1","48","0","P","2","9","P Files","P Liability Signal: 3","3","0.10675999999999998","false","999.99999798779993","999.99999798779993","1","Yes","0","999.89241125137096","0.10758673642897065","false"
"Specification-TruthConditionedLatentMeritsModerateRiskAversion__Cost-1__Fee-British","1","48","0","P","2","9","P Files","P Liability Signal: 3","3","0.10675999999999998","false","999.99999798779993","999.99999798779993","2","No","1","999.99999798779993","0","true"
"Specification-TruthConditionedLatentMeritsModerateRiskAversion__Cost-1__Fee-British","1","49","0","P","5","20","P Abandons","P Liability Signal: 3;P Files: 1;D Answers: 1","3,1,1","0","true","","","1","Yes","0.5","","",""
"Specification-TruthConditionedLatentMeritsModerateRiskAversion__Cost-1__Fee-British","1","49","0","P","5","20","P Abandons","P Liability Signal: 3;P Files: 1;D Answers: 1","3,1,1","0","true","","","2","No","0.5","","",""
"Specification-TruthConditionedLatentMeritsModerateRiskAversion__Cost-1__Fee-British","1","50","0","P","7","14","P Offer","P Liability Signal: 3;P Files: 1;D Answers: 1;P Abandons: 1","3,1,1,1","0","true","","","1","0.05","0.10000000000000001","","",""
"Specification-TruthConditionedLatentMeritsModerateRiskAversion__Cost-1__Fee-British","1","50","0","P","7","14","P Offer","P Liability Signal: 3;P Files: 1;D Answers: 1;P Abandons: 1","3,1,1,1","0","true","","","2","0.15","0.10000000000000001","","",""
"Specification-TruthConditionedLatentMeritsModerateRiskAversion__Cost-1__Fee-British","1","50","0","P","7","14","P Offer","P Liability Signal: 3;P Files: 1;D Answers: 1;P Abandons: 1","3,1,1,1","0","true","","","3","0.25","0.10000000000000001","","",""
"Specification-TruthConditionedLatentMeritsModerateRiskAversion__Cost-1__Fee-British","1","50","0","P","7","14","P Offer","P Liability Signal: 3;P Files: 1;D Answers: 1;P Abandons: 1","3,1,1,1","0","true","","","4","0.35","0.10000000000000001","","",""
"Specification-TruthConditionedLatentMeritsModerateRiskAversion__Cost-1__Fee-British","1","50","0","P","7","14","P Offer","P Liability Signal: 3;P Files: 1;D Answers: 1;P Abandons: 1","3,1,1,1","0","true","","","5","0.45","0.10000000000000001","","",""
"Specification-TruthConditionedLatentMeritsModerateRiskAversion__Cost-1__Fee-British","1","50","0","P","7","14","P Offer","P Liability Signal: 3;P Files: 1;D Answers: 1;P Abandons: 1","3,1,1,1","0","true","","","6","0.55","0.10000000000000001","","",""
"Specification-TruthConditionedLatentMeritsModerateRiskAversion__Cost-1__Fee-British","1","50","0","P","7","14","P Offer","P Liability Signal: 3;P Files: 1;D Answers: 1;P Abandons: 1","3,1,1,1","0","true","","","7","0.65","0.10000000000000001","","",""
"Specification-TruthConditionedLatentMeritsModerateRiskAversion__Cost-1__Fee-British","1","50","0","P","7","14","P Offer","P Liability Signal: 3;P Files: 1;D Answers: 1;P Abandons: 1","3,1,1,1","0","true","","","8","0.75","0.10000000000000001","","",""
"Specification-TruthConditionedLatentMeritsModerateRiskAversion__Cost-1__Fee-British","1","50","0","P","7","14","P Offer","P Liability Signal: 3;P Files: 1;D Answers: 1;P Abandons: 1","3,1,1,1","0","true","","","9","0.85","0.10000000000000001","","",""
"Specification-TruthConditionedLatentMeritsModerateRiskAversion__Cost-1__Fee-British","1","50","0","P","7","14","P Offer","P Liability Signal: 3;P Files: 1;D Answers: 1;P Abandons: 1","3,1,1,1","0","true","","","10","0.95","0.10000000000000001","","",""
"Specification-TruthConditionedLatentMeritsModerateRiskAversion__Cost-1__Fee-British","1","51","0","P","7","14","P Offer","P Liability Signal: 3;P Files: 1;D Answers: 1;P Abandons: 2","3,1,1,2","0","true","","","1","0.05","0.10000000000000001","","",""
"Specification-TruthConditionedLatentMeritsModerateRiskAversion__Cost-1__Fee-British","1","51","0","P","7","14","P Offer","P Liability Signal: 3;P Files: 1;D Answers: 1;P Abandons: 2","3,1,1,2","0","true","","","2","0.15","0.10000000000000001","","",""
"Specification-TruthConditionedLatentMeritsModerateRiskAversion__Cost-1__Fee-British","1","51","0","P","7","14","P Offer","P Liability Signal: 3;P Files: 1;D Answers: 1;P Abandons: 2","3,1,1,2","0","true","","","3","0.25","0.10000000000000001","","",""
"Specification-TruthConditionedLatentMeritsModerateRiskAversion__Cost-1__Fee-British","1","51","0","P","7","14","P Offer","P Liability Signal: 3;P Files: 1;D Answers: 1;P Abandons: 2","3,1,1,2","0","true","","","4","0.35","0.10000000000000001","","",""
"Specification-TruthConditionedLatentMeritsModerateRiskAversion__Cost-1__Fee-British","1","51","0","P","7","14","P Offer","P Liability Signal: 3;P Files: 1;D Answers: 1;P Abandons: 2","3,1,1,2","0","true","","","5","0.45","0.10000000000000001","","",""
"Specification-TruthConditionedLatentMeritsModerateRiskAversion__Cost-1__Fee-British","1","51","0","P","7","14","P Offer","P Liability Signal: 3;P Files: 1;D Answers: 1;P Abandons: 2","3,1,1,2","0","true","","","6","0.55","0.10000000000000001","","",""
"Specification-TruthConditionedLatentMeritsModerateRiskAversion__Cost-1__Fee-British","1","51","0","P","7","14","P Offer","P Liability Signal: 3;P Files: 1;D Answers: 1;P Abandons: 2","3,1,1,2","0","true","","","7","0.65","0.10000000000000001","","",""
"Specification-TruthConditionedLatentMeritsModerateRiskAversion__Cost-1__Fee-British","1","51","0","P","7","14","P Offer","P Liability Signal: 3;P Files: 1;D Answers: 1;P Abandons: 2","3,1,1,2","0","true","","","8","0.75","0.10000000000000001","","",""
"Specification-TruthConditionedLatentMeritsModerateRiskAversion__Cost-1__Fee-British","1","51","0","P","7","14","P Offer","P Liability Signal: 3;P Files: 1;D Answers: 1;P Abandons: 2","3,1,1,2","0","true","","","9","0.85","0.10000000000000001","","",""
"Specification-TruthConditionedLatentMeritsModerateRiskAversion__Cost-1__Fee-British","1","51","0","P","7","14","P Offer","P Liability Signal: 3;P Files: 1;D Answers: 1;P Abandons: 2","3,1,1,2","0","true","","","10","0.95","0.10000000000000001","","",""
"Specification-TruthConditionedLatentMeritsModerateRiskAversion__Cost-1__Fee-British","1","52","0","P","2","9","P Files","P Liability Signal: 4","4","0.10420999999999998","false","1000.0090120104529","1000.0090120104529","1","Yes","1","1000.0090120104529","0","true"
"Specification-TruthConditionedLatentMeritsModerateRiskAversion__Cost-1__Fee-British","1","52","0","P","2","9","P Files","P Liability Signal: 4","4","0.10420999999999998","false","1000.0090120104529","1000.0090120104529","2","No","0","999.99999798780004","0.0090140226528774292","false"
"Specification-TruthConditionedLatentMeritsModerateRiskAversion__Cost-1__Fee-British","1","53","0","P","5","20","P Abandons","P Liability Signal: 4;P Files: 1;D Answers: 1","4,1,1","0.093966156999999995","false","999.99337057053674","999.99337057053674","1","Yes","1","999.99337057053674","0","true"
"Specification-TruthConditionedLatentMeritsModerateRiskAversion__Cost-1__Fee-British","1","53","0","P","5","20","P Abandons","P Liability Signal: 4;P Files: 1;D Answers: 1","4,1,1","0.093966156999999995","false","999.99337057053674","999.99337057053674","2","No","0","999.84133662434965","0.15203394618708899","false"
"Specification-TruthConditionedLatentMeritsModerateRiskAversion__Cost-1__Fee-British","1","54","0","P","7","14","P Offer","P Liability Signal: 4;P Files: 1;D Answers: 1;P Abandons: 1","4,1,1,1","0.093966156999999995","false","999.99337057053674","999.99337057053685","1","0.05","0","999.99337057053685","0","true"
"Specification-TruthConditionedLatentMeritsModerateRiskAversion__Cost-1__Fee-British","1","54","0","P","7","14","P Offer","P Liability Signal: 4;P Files: 1;D Answers: 1;P Abandons: 1","4,1,1,1","0.093966156999999995","false","999.99337057053674","999.99337057053685","2","0.15","0","999.98915557456962","0.0042149959672315163","false"
"Specification-TruthConditionedLatentMeritsModerateRiskAversion__Cost-1__Fee-British","1","54","0","P","7","14","P Offer","P Liability Signal: 4;P Files: 1;D Answers: 1;P Abandons: 1","4,1,1,1","0.093966156999999995","false","999.99337057053674","999.99337057053685","3","0.25","0","999.98313233843589","0.010238232100959976","false"
"Specification-TruthConditionedLatentMeritsModerateRiskAversion__Cost-1__Fee-British","1","54","0","P","7","14","P Offer","P Liability Signal: 4;P Files: 1;D Answers: 1;P Abandons: 1","4,1,1,1","0.093966156999999995","false","999.99337057053674","999.99337057053685","4","0.35","0","999.98689136891335","0.0064792016235060146","false"
"Specification-TruthConditionedLatentMeritsModerateRiskAversion__Cost-1__Fee-British","1","54","0","P","7","14","P Offer","P Liability Signal: 4;P Files: 1;D Answers: 1;P Abandons: 1","4,1,1,1","0.093966156999999995","false","999.99337057053674","999.99337057053685","5","0.45","0","999.99029304740293","0.0030775231339248421","false"
"Specification-TruthConditionedLatentMeritsModerateRiskAversion__Cost-1__Fee-British","1","54","0","P","7","14","P Offer","P Liability Signal: 4;P Files: 1;D Answers: 1;P Abandons: 1","4,1,1,1","0.093966156999999995","false","999.99337057053674","999.99337057053685","6","0.55","1","999.99337057053674","1.1368683772161603E-13","true"
"Specification-TruthConditionedLatentMeritsModerateRiskAversion__Cost-1__Fee-British","1","54","0","P","7","14","P Offer","P Liability Signal: 4;P Files: 1;D Answers: 1;P Abandons: 1","4,1,1,1","0.093966156999999995","false","999.99337057053674","999.99337057053685","7","0.65","0","999.97273007591423","0.020640494622625738","false"
"Specification-TruthConditionedLatentMeritsModerateRiskAversion__Cost-1__Fee-British","1","54","0","P","7","14","P Offer","P Liability Signal: 4;P Files: 1;D Answers: 1;P Abandons: 1","4,1,1,1","0.093966156999999995","false","999.99337057053674","999.99337057053685","8","0.75","0","999.97273007591423","0.020640494622625738","false"
"Specification-TruthConditionedLatentMeritsModerateRiskAversion__Cost-1__Fee-British","1","54","0","P","7","14","P Offer","P Liability Signal: 4;P Files: 1;D Answers: 1;P Abandons: 1","4,1,1,1","0.093966156999999995","false","999.99337057053674","999.99337057053685","9","0.85","0","999.97273007591423","0.020640494622625738","false"
"Specification-TruthConditionedLatentMeritsModerateRiskAversion__Cost-1__Fee-British","1","54","0","P","7","14","P Offer","P Liability Signal: 4;P Files: 1;D Answers: 1;P Abandons: 1","4,1,1,1","0.093966156999999995","false","999.99337057053674","999.99337057053685","10","0.95","0","999.97273007591423","0.020640494622625738","false"
"Specification-TruthConditionedLatentMeritsModerateRiskAversion__Cost-1__Fee-British","1","55","0","P","7","14","P Offer","P Liability Signal: 4;P Files: 1;D Answers: 1;P Abandons: 2","4,1,1,2","0","true","","","1","0.05","0.10000000000000001","","",""
"Specification-TruthConditionedLatentMeritsModerateRiskAversion__Cost-1__Fee-British","1","55","0","P","7","14","P Offer","P Liability Signal: 4;P Files: 1;D Answers: 1;P Abandons: 2","4,1,1,2","0","true","","","2","0.15","0.10000000000000001","","",""
"Specification-TruthConditionedLatentMeritsModerateRiskAversion__Cost-1__Fee-British","1","55","0","P","7","14","P Offer","P Liability Signal: 4;P Files: 1;D Answers: 1;P Abandons: 2","4,1,1,2","0","true","","","3","0.25","0.10000000000000001","","",""
"Specification-TruthConditionedLatentMeritsModerateRiskAversion__Cost-1__Fee-British","1","55","0","P","7","14","P Offer","P Liability Signal: 4;P Files: 1;D Answers: 1;P Abandons: 2","4,1,1,2","0","true","","","4","0.35","0.10000000000000001","","",""
"Specification-TruthConditionedLatentMeritsModerateRiskAversion__Cost-1__Fee-British","1","55","0","P","7","14","P Offer","P Liability Signal: 4;P Files: 1;D Answers: 1;P Abandons: 2","4,1,1,2","0","true","","","5","0.45","0.10000000000000001","","",""
"Specification-TruthConditionedLatentMeritsModerateRiskAversion__Cost-1__Fee-British","1","55","0","P","7","14","P Offer","P Liability Signal: 4;P Files: 1;D Answers: 1;P Abandons: 2","4,1,1,2","0","true","","","6","0.55","0.10000000000000001","","",""
"Specification-TruthConditionedLatentMeritsModerateRiskAversion__Cost-1__Fee-British","1","55","0","P","7","14","P Offer","P Liability Signal: 4;P Files: 1;D Answers: 1;P Abandons: 2","4,1,1,2","0","true","","","7","0.65","0.10000000000000001","","",""
"Specification-TruthConditionedLatentMeritsModerateRiskAversion__Cost-1__Fee-British","1","55","0","P","7","14","P Offer","P Liability Signal: 4;P Files: 1;D Answers: 1;P Abandons: 2","4,1,1,2","0","true","","","8","0.75","0.10000000000000001","","",""
"Specification-TruthConditionedLatentMeritsModerateRiskAversion__Cost-1__Fee-British","1","55","0","P","7","14","P Offer","P Liability Signal: 4;P Files: 1;D Answers: 1;P Abandons: 2","4,1,1,2","0","true","","","9","0.85","0.10000000000000001","","",""
"Specification-TruthConditionedLatentMeritsModerateRiskAversion__Cost-1__Fee-British","1","55","0","P","7","14","P Offer","P Liability Signal: 4;P Files: 1;D Answers: 1;P Abandons: 2","4,1,1,2","0","true","","","10","0.95","0.10000000000000001","","",""
"Specification-TruthConditionedLatentMeritsModerateRiskAversion__Cost-1__Fee-British","1","56","0","P","2","9","P Files","P Liability Signal: 5","5","0.10075000000000002","false","1000.0378197881037","1000.0378197881037","1","Yes","1","1000.0378197881037","0","true"
"Specification-TruthConditionedLatentMeritsModerateRiskAversion__Cost-1__Fee-British","1","56","0","P","2","9","P Files","P Liability Signal: 5","5","0.10075000000000002","false","1000.0378197881037","1000.0378197881037","2","No","0","999.99999798779993","0.037821800303731834","false"
"Specification-TruthConditionedLatentMeritsModerateRiskAversion__Cost-1__Fee-British","1","57","0","P","5","20","P Abandons","P Liability Signal: 5;P Files: 1;D Answers: 1","5,1,1","0.082265397500000004","false","1000.0120539941017","1000.0120539941017","1","Yes","1","1000.0120539941017","0","true"
"Specification-TruthConditionedLatentMeritsModerateRiskAversion__Cost-1__Fee-British","1","57","0","P","5","20","P Abandons","P Liability Signal: 5;P Files: 1;D Answers: 1","5,1,1","0.082265397500000004","false","1000.0120539941017","1000.0120539941017","2","No","0","999.90580538000711","0.10624861409462483","false"
"Specification-TruthConditionedLatentMeritsModerateRiskAversion__Cost-1__Fee-British","1","58","0","P","7","14","P Offer","P Liability Signal: 5;P Files: 1;D Answers: 1;P Abandons: 1","5,1,1,1","0.082265397500000004","false","1000.0120539941017","1000.0120539941017","1","0.05","0","1000.003290671519","0.0087633225826948546","false"
"Specification-TruthConditionedLatentMeritsModerateRiskAversion__Cost-1__Fee-British","1","58","0","P","7","14","P Offer","P Liability Signal: 5;P Files: 1;D Answers: 1;P Abandons: 1","5,1,1,1","0.082265397500000004","false","1000.0120539941017","1000.0120539941017","2","0.15","0","1000.0031017717223","0.0089522223794347155","false"
"Specification-TruthConditionedLatentMeritsModerateRiskAversion__Cost-1__Fee-British","1","58","0","P","7","14","P Offer","P Liability Signal: 5;P Files: 1;D Answers: 1;P Abandons: 1","5,1,1,1","0.082265397500000004","false","1000.0120539941017","1000.0120539941017","3","0.25","0","999.99855400155366","0.013499992548076989","false"
"Specification-TruthConditionedLatentMeritsModerateRiskAversion__Cost-1__Fee-British","1","58","0","P","7","14","P Offer","P Liability Signal: 5;P Files: 1;D Answers: 1;P Abandons: 1","5,1,1,1","0.082265397500000004","false","1000.0120539941017","1000.0120539941017","4","0.35","0","1000.0035106076293","0.0085433864724109299","false"
"Specification-TruthConditionedLatentMeritsModerateRiskAversion__Cost-1__Fee-British","1","58","0","P","7","14","P Offer","P Liability Signal: 5;P Files: 1;D Answers: 1;P Abandons: 1","5,1,1,1","0.082265397500000004","false","1000.0120539941017","1000.0120539941017","5","0.45","0","1000.0079960142704","0.0040579798313729043","false"
"Specification-TruthConditionedLatentMeritsModerateRiskAversion__Cost-1__Fee-British","1","58","0","P","7","14","P Offer","P Liability Signal: 5;P Files: 1;D Answers: 1;P Abandons: 1","5,1,1,1","0.082265397500000004","false","1000.0120539941017","1000.0120539941017","6","0.55","1","1000.0120539941017","0","true"
"Specification-TruthConditionedLatentMeritsModerateRiskAversion__Cost-1__Fee-British","1","58","0","P","7","14","P Offer","P Liability Signal: 5;P Files: 1;D Answers: 1;P Abandons: 1","5,1,1,1","0.082265397500000004","false","1000.0120539941017","1000.0120539941017","7","0.65","0","999.98483772074064","0.027216273361091226","false"
"Specification-TruthConditionedLatentMeritsModerateRiskAversion__Cost-1__Fee-British","1","58","0","P","7","14","P Offer","P Liability Signal: 5;P Files: 1;D Answers: 1;P Abandons: 1","5,1,1,1","0.082265397500000004","false","1000.0120539941017","1000.0120539941017","8","0.75","0","999.98483772074064","0.027216273361091226","false"
"Specification-TruthConditionedLatentMeritsModerateRiskAversion__Cost-1__Fee-British","1","58","0","P","7","14","P Offer","P Liability Signal: 5;P Files: 1;D Answers: 1;P Abandons: 1","5,1,1,1","0.082265397500000004","false","1000.0120539941017","1000.0120539941017","9","0.85","0","999.98483772074064","0.027216273361091226","false"
"Specification-TruthConditionedLatentMeritsModerateRiskAversion__Cost-1__Fee-British","1","58","0","P","7","14","P Offer","P Liability Signal: 5;P Files: 1;D Answers: 1;P Abandons: 1","5,1,1,1","0.082265397500000004","false","1000.0120539941017","1000.0120539941017","10","0.95","0","999.98483772074064","0.027216273361091226","false"
"Specification-TruthConditionedLatentMeritsModerateRiskAversion__Cost-1__Fee-British","1","59","0","P","7","14","P Offer","P Liability Signal: 5;P Files: 1;D Answers: 1;P Abandons: 2","5,1,1,2","0","true","","","1","0.05","0.10000000000000001","","",""
"Specification-TruthConditionedLatentMeritsModerateRiskAversion__Cost-1__Fee-British","1","59","0","P","7","14","P Offer","P Liability Signal: 5;P Files: 1;D Answers: 1;P Abandons: 2","5,1,1,2","0","true","","","2","0.15","0.10000000000000001","","",""
"Specification-TruthConditionedLatentMeritsModerateRiskAversion__Cost-1__Fee-British","1","59","0","P","7","14","P Offer","P Liability Signal: 5;P Files: 1;D Answers: 1;P Abandons: 2","5,1,1,2","0","true","","","3","0.25","0.10000000000000001","","",""
"Specification-TruthConditionedLatentMeritsModerateRiskAversion__Cost-1__Fee-British","1","59","0","P","7","14","P Offer","P Liability Signal: 5;P Files: 1;D Answers: 1;P Abandons: 2","5,1,1,2","0","true","","","4","0.35","0.10000000000000001","","",""
"Specification-TruthConditionedLatentMeritsModerateRiskAversion__Cost-1__Fee-British","1","59","0","P","7","14","P Offer","P Liability Signal: 5;P Files: 1;D Answers: 1;P Abandons: 2","5,1,1,2","0","true","","","5","0.45","0.10000000000000001","","",""
"Specification-TruthConditionedLatentMeritsModerateRiskAversion__Cost-1__Fee-British","1","59","0","P","7","14","P Offer","P Liability Signal: 5;P Files: 1;D Answers: 1;P Abandons: 2","5,1,1,2","0","true","","","6","0.55","0.10000000000000001","","",""
"Specification-TruthConditionedLatentMeritsModerateRiskAversion__Cost-1__Fee-British","1","59","0","P","7","14","P Offer","P Liability Signal: 5;P Files: 1;D Answers: 1;P Abandons: 2","5,1,1,2","0","true","","","7","0.65","0.10000000000000001","","",""
"Specification-TruthConditionedLatentMeritsModerateRiskAversion__Cost-1__Fee-British","1","59","0","P","7","14","P Offer","P Liability Signal: 5;P Files: 1;D Answers: 1;P Abandons: 2","5,1,1,2","0","true","","","8","0.75","0.10000000000000001","","",""
"Specification-TruthConditionedLatentMeritsModerateRiskAversion__Cost-1__Fee-British","1","59","0","P","7","14","P Offer","P Liability Signal: 5;P Files: 1;D Answers: 1;P Abandons: 2","5,1,1,2","0","true","","","9","0.85","0.10000000000000001","","",""
"Specification-TruthConditionedLatentMeritsModerateRiskAversion__Cost-1__Fee-British","1","59","0","P","7","14","P Offer","P Liability Signal: 5;P Files: 1;D Answers: 1;P Abandons: 2","5,1,1,2","0","true","","","10","0.95","0.10000000000000001","","",""
"Specification-TruthConditionedLatentMeritsModerateRiskAversion__Cost-1__Fee-British","1","60","0","P","2","9","P Files","P Liability Signal: 6","6","0.10075000000000001","false","1000.0686957694264","1000.0686957694264","1","Yes","1","1000.0686957694264","0","true"
"Specification-TruthConditionedLatentMeritsModerateRiskAversion__Cost-1__Fee-British","1","60","0","P","2","9","P Files","P Liability Signal: 6","6","0.10075000000000001","false","1000.0686957694264","1000.0686957694264","2","No","0","999.99999798780027","0.068697781626156029","false"
"Specification-TruthConditionedLatentMeritsModerateRiskAversion__Cost-1__Fee-British","1","61","0","P","5","20","P Abandons","P Liability Signal: 6;P Files: 1;D Answers: 1","6,1,1","0.07027514","false","1000.032358347039","1000.032358347039","1","Yes","1","1000.032358347039","0","true"
"Specification-TruthConditionedLatentMeritsModerateRiskAversion__Cost-1__Fee-British","1","61","0","P","5","20","P Abandons","P Liability Signal: 6;P Files: 1;D Answers: 1","6,1,1","0.07027514","false","1000.032358347039","1000.032358347039","2","No","0","999.96999818470056","0.062360162338450209","false"
"Specification-TruthConditionedLatentMeritsModerateRiskAversion__Cost-1__Fee-British","1","62","0","P","7","14","P Offer","P Liability Signal: 6;P Files: 1;D Answers: 1;P Abandons: 1","6,1,1,1","0.07027514","false","1000.032358347039","1000.032358347039","1","0.05","0","1000.0138622106589","0.018496136380122152","false"
"Specification-TruthConditionedLatentMeritsModerateRiskAversion__Cost-1__Fee-British","1","62","0","P","7","14","P Offer","P Liability Signal: 6;P Files: 1;D Answers: 1;P Abandons: 1","6,1,1,1","0.07027514","false","1000.032358347039","1000.032358347039","2","0.15","0","1000.0176281841419","0.014730162897080845","false"
"Specification-TruthConditionedLatentMeritsModerateRiskAversion__Cost-1__Fee-British","1","62","0","P","7","14","P Offer","P Liability Signal: 6;P Files: 1;D Answers: 1;P Abandons: 1","6,1,1,1","0.07027514","false","1000.032358347039","1000.032358347039","3","0.25","0","1000.0153136114683","0.017044735570721059","false"
"Specification-TruthConditionedLatentMeritsModerateRiskAversion__Cost-1__Fee-British","1","62","0","P","7","14","P Offer","P Liability Signal: 6;P Files: 1;D Answers: 1;P Abandons: 1","6,1,1,1","0.07027514","false","1000.032358347039","1000.032358347039","4","0.35","0","1000.0215716919516","0.01078665508737231","false"
"Specification-TruthConditionedLatentMeritsModerateRiskAversion__Cost-1__Fee-British","1","62","0","P","7","14","P Offer","P Liability Signal: 6;P Files: 1;D Answers: 1;P Abandons: 1","6,1,1,1","0.07027514","false","1000.032358347039","1000.032358347039","5","0.45","0","1000.02723484842","0.0051234986190138443","false"
"Specification-TruthConditionedLatentMeritsModerateRiskAversion__Cost-1__Fee-British","1","62","0","P","7","14","P Offer","P Liability Signal: 6;P Files: 1;D Answers: 1;P Abandons: 1","6,1,1,1","0.07027514","false","1000.032358347039","1000.032358347039","6","0.55","1","1000.032358347039","0","true"
"Specification-TruthConditionedLatentMeritsModerateRiskAversion__Cost-1__Fee-British","1","62","0","P","7","14","P Offer","P Liability Signal: 6;P Files: 1;D Answers: 1;P Abandons: 1","6,1,1,1","0.07027514","false","1000.032358347039","1000.032358347039","7","0.65","0","999.99799579602234","0.034362551016670295","false"
"Specification-TruthConditionedLatentMeritsModerateRiskAversion__Cost-1__Fee-British","1","62","0","P","7","14","P Offer","P Liability Signal: 6;P Files: 1;D Answers: 1;P Abandons: 1","6,1,1,1","0.07027514","false","1000.032358347039","1000.032358347039","8","0.75","0","999.99799579602234","0.034362551016670295","false"
"Specification-TruthConditionedLatentMeritsModerateRiskAversion__Cost-1__Fee-British","1","62","0","P","7","14","P Offer","P Liability Signal: 6;P Files: 1;D Answers: 1;P Abandons: 1","6,1,1,1","0.07027514","false","1000.032358347039","1000.032358347039","9","0.85","0","999.99799579602234","0.034362551016670295","false"
"Specification-TruthConditionedLatentMeritsModerateRiskAversion__Cost-1__Fee-British","1","62","0","P","7","14","P Offer","P Liability Signal: 6;P Files: 1;D Answers: 1;P Abandons: 1","6,1,1,1","0.07027514","false","1000.032358347039","1000.032358347039","10","0.95","0","999.99799579602234","0.034362551016670295","false"
"Specification-TruthConditionedLatentMeritsModerateRiskAversion__Cost-1__Fee-British","1","63","0","P","7","14","P Offer","P Liability Signal: 6;P Files: 1;D Answers: 1;P Abandons: 2","6,1,1,2","0","true","","","1","0.05","0.10000000000000001","","",""
"Specification-TruthConditionedLatentMeritsModerateRiskAversion__Cost-1__Fee-British","1","63","0","P","7","14","P Offer","P Liability Signal: 6;P Files: 1;D Answers: 1;P Abandons: 2","6,1,1,2","0","true","","","2","0.15","0.10000000000000001","","",""
"Specification-TruthConditionedLatentMeritsModerateRiskAversion__Cost-1__Fee-British","1","63","0","P","7","14","P Offer","P Liability Signal: 6;P Files: 1;D Answers: 1;P Abandons: 2","6,1,1,2","0","true","","","3","0.25","0.10000000000000001","","",""
"Specification-TruthConditionedLatentMeritsModerateRiskAversion__Cost-1__Fee-British","1","63","0","P","7","14","P Offer","P Liability Signal: 6;P Files: 1;D Answers: 1;P Abandons: 2","6,1,1,2","0","true","","","4","0.35","0.10000000000000001","","",""
"Specification-TruthConditionedLatentMeritsModerateRiskAversion__Cost-1__Fee-British","1","63","0","P","7","14","P Offer","P Liability Signal: 6;P Files: 1;D Answers: 1;P Abandons: 2","6,1,1,2","0","true","","","5","0.45","0.10000000000000001","","",""
"Specification-TruthConditionedLatentMeritsModerateRiskAversion__Cost-1__Fee-British","1","63","0","P","7","14","P Offer","P Liability Signal: 6;P Files: 1;D Answers: 1;P Abandons: 2","6,1,1,2","0","true","","","6","0.55","0.10000000000000001","","",""
"Specification-TruthConditionedLatentMeritsModerateRiskAversion__Cost-1__Fee-British","1","63","0","P","7","14","P Offer","P Liability Signal: 6;P Files: 1;D Answers: 1;P Abandons: 2","6,1,1,2","0","true","","","7","0.65","0.10000000000000001","","",""
"Specification-TruthConditionedLatentMeritsModerateRiskAversion__Cost-1__Fee-British","1","63","0","P","7","14","P Offer","P Liability Signal: 6;P Files: 1;D Answers: 1;P Abandons: 2","6,1,1,2","0","true","","","8","0.75","0.10000000000000001","","",""
"Specification-TruthConditionedLatentMeritsModerateRiskAversion__Cost-1__Fee-British","1","63","0","P","7","14","P Offer","P Liability Signal: 6;P Files: 1;D Answers: 1;P Abandons: 2","6,1,1,2","0","true","","","9","0.85","0.10000000000000001","","",""
"Specification-TruthConditionedLatentMeritsModerateRiskAversion__Cost-1__Fee-British","1","63","0","P","7","14","P Offer","P Liability Signal: 6;P Files: 1;D Answers: 1;P Abandons: 2","6,1,1,2","0","true","","","10","0.95","0.10000000000000001","","",""
"Specification-TruthConditionedLatentMeritsModerateRiskAversion__Cost-1__Fee-British","1","64","0","P","2","9","P Files","P Liability Signal: 7","7","0.10421000000000001","false","1000.0949623586899","1000.0949623586899","1","Yes","1","1000.0949623586899","0","true"
"Specification-TruthConditionedLatentMeritsModerateRiskAversion__Cost-1__Fee-British","1","64","0","P","2","9","P Files","P Liability Signal: 7","7","0.10421000000000001","false","1000.0949623586899","1000.0949623586899","2","No","0","999.99999798779993","0.094964370890011196","false"
"Specification-TruthConditionedLatentMeritsModerateRiskAversion__Cost-1__Fee-British","1","65","0","P","5","20","P Abandons","P Liability Signal: 7;P Files: 1;D Answers: 1","7,1,1","0.059193364200000001","false","1000.0512125074647","1000.0512125074647","1","Yes","1","1000.0512125074647","0","true"
"Specification-TruthConditionedLatentMeritsModerateRiskAversion__Cost-1__Fee-British","1","65","0","P","5","20","P Abandons","P Liability Signal: 7;P Files: 1;D Answers: 1","7,1,1","0.059193364200000001","false","1000.0512125074647","1000.0512125074647","2","No","0","1000.0231915028835","0.028021004581205489","false"
"Specification-TruthConditionedLatentMeritsModerateRiskAversion__Cost-1__Fee-British","1","66","0","P","7","14","P Offer","P Liability Signal: 7;P Files: 1;D Answers: 1;P Abandons: 1","7,1,1,1","0.059193364200000001","false","1000.0512125074647","1000.0512125074647","1","0.05","0","1000.0234866213062","0.027725886158464164","false"
"Specification-TruthConditionedLatentMeritsModerateRiskAversion__Cost-1__Fee-British","1","66","0","P","7","14","P Offer","P Liability Signal: 7;P Files: 1;D Answers: 1;P Abandons: 1","7,1,1,1","0.059193364200000001","false","1000.0512125074647","1000.0512125074647","2","0.15","0","1000.0305389070776","0.020673600387112856","false"
"Specification-TruthConditionedLatentMeritsModerateRiskAversion__Cost-1__Fee-British","1","66","0","P","7","14","P Offer","P Liability Signal: 7;P Files: 1;D Answers: 1;P Abandons: 1","7,1,1,1","0.059193364200000001","false","1000.0512125074647","1000.0512125074647","3","0.25","0","1000.0308762041295","0.020336303335170669","false"
"Specification-TruthConditionedLatentMeritsModerateRiskAversion__Cost-1__Fee-British","1","66","0","P","7","14","P Offer","P Liability Signal: 7;P Files: 1;D Answers: 1;P Abandons: 1","7,1,1,1","0.059193364200000001","false","1000.0512125074647","1000.0512125074647","4","0.35","0","1000.0383428041524","0.012869703312276215","false"
"Specification-TruthConditionedLatentMeritsModerateRiskAversion__Cost-1__Fee-British","1","66","0","P","7","14","P Offer","P Liability Signal: 7;P Files: 1;D Answers: 1;P Abandons: 1","7,1,1,1","0.059193364200000001","false","1000.0512125074647","1000.0512125074647","5","0.45","0","1000.0450995923291","0.0061129151356453804","false"
"Specification-TruthConditionedLatentMeritsModerateRiskAversion__Cost-1__Fee-British","1","66","0","P","7","14","P Offer","P Liability Signal: 7;P Files: 1;D Answers: 1;P Abandons: 1","7,1,1,1","0.059193364200000001","false","1000.0512125074647","1000.0512125074647","6","0.55","1","1000.0512125074647","0","true"
"Specification-TruthConditionedLatentMeritsModerateRiskAversion__Cost-1__Fee-British","1","66","0","P","7","14","P Offer","P Liability Signal: 7;P Files: 1;D Answers: 1;P Abandons: 1","7,1,1,1","0.059193364200000001","false","1000.0512125074647","1000.0512125074647","7","0.65","0","1000.0102140855204","0.040998421944323127","false"
"Specification-TruthConditionedLatentMeritsModerateRiskAversion__Cost-1__Fee-British","1","66","0","P","7","14","P Offer","P Liability Signal: 7;P Files: 1;D Answers: 1;P Abandons: 1","7,1,1,1","0.059193364200000001","false","1000.0512125074647","1000.0512125074647","8","0.75","0","1000.0102140855204","0.040998421944323127","false"
"Specification-TruthConditionedLatentMeritsModerateRiskAversion__Cost-1__Fee-British","1","66","0","P","7","14","P Offer","P Liability Signal: 7;P Files: 1;D Answers: 1;P Abandons: 1","7,1,1,1","0.059193364200000001","false","1000.0512125074647","1000.0512125074647","9","0.85","0","1000.0102140855204","0.040998421944323127","false"
"Specification-TruthConditionedLatentMeritsModerateRiskAversion__Cost-1__Fee-British","1","66","0","P","7","14","P Offer","P Liability Signal: 7;P Files: 1;D Answers: 1;P Abandons: 1","7,1,1,1","0.059193364200000001","false","1000.0512125074647","1000.0512125074647","10","0.95","0","1000.0102140855204","0.040998421944323127","false"
"Specification-TruthConditionedLatentMeritsModerateRiskAversion__Cost-1__Fee-British","1","67","0","P","7","14","P Offer","P Liability Signal: 7;P Files: 1;D Answers: 1;P Abandons: 2","7,1,1,2","0","true","","","1","0.05","0.10000000000000001","","",""
"Specification-TruthConditionedLatentMeritsModerateRiskAversion__Cost-1__Fee-British","1","67","0","P","7","14","P Offer","P Liability Signal: 7;P Files: 1;D Answers: 1;P Abandons: 2","7,1,1,2","0","true","","","2","0.15","0.10000000000000001","","",""
"Specification-TruthConditionedLatentMeritsModerateRiskAversion__Cost-1__Fee-British","1","67","0","P","7","14","P Offer","P Liability Signal: 7;P Files: 1;D Answers: 1;P Abandons: 2","7,1,1,2","0","true","","","3","0.25","0.10000000000000001","","",""
"Specification-TruthConditionedLatentMeritsModerateRiskAversion__Cost-1__Fee-British","1","67","0","P","7","14","P Offer","P Liability Signal: 7;P Files: 1;D Answers: 1;P Abandons: 2","7,1,1,2","0","true","","","4","0.35","0.10000000000000001","","",""
"Specification-TruthConditionedLatentMeritsModerateRiskAversion__Cost-1__Fee-British","1","67","0","P","7","14","P Offer","P Liability Signal: 7;P Files: 1;D Answers: 1;P Abandons: 2","7,1,1,2","0","true","","","5","0.45","0.10000000000000001","","",""
"Specification-TruthConditionedLatentMeritsModerateRiskAversion__Cost-1__Fee-British","1","67","0","P","7","14","P Offer","P Liability Signal: 7;P Files: 1;D Answers: 1;P Abandons: 2","7,1,1,2","0","true","","","6","0.55","0.10000000000000001","","",""
"Specification-TruthConditionedLatentMeritsModerateRiskAversion__Cost-1__Fee-British","1","67","0","P","7","14","P Offer","P Liability Signal: 7;P Files: 1;D Answers: 1;P Abandons: 2","7,1,1,2","0","true","","","7","0.65","0.10000000000000001","","",""
"Specification-TruthConditionedLatentMeritsModerateRiskAversion__Cost-1__Fee-British","1","67","0","P","7","14","P Offer","P Liability Signal: 7;P Files: 1;D Answers: 1;P Abandons: 2","7,1,1,2","0","true","","","8","0.75","0.10000000000000001","","",""
"Specification-TruthConditionedLatentMeritsModerateRiskAversion__Cost-1__Fee-British","1","67","0","P","7","14","P Offer","P Liability Signal: 7;P Files: 1;D Answers: 1;P Abandons: 2","7,1,1,2","0","true","","","9","0.85","0.10000000000000001","","",""
"Specification-TruthConditionedLatentMeritsModerateRiskAversion__Cost-1__Fee-British","1","67","0","P","7","14","P Offer","P Liability Signal: 7;P Files: 1;D Answers: 1;P Abandons: 2","7,1,1,2","0","true","","","10","0.95","0.10000000000000001","","",""
"Specification-TruthConditionedLatentMeritsModerateRiskAversion__Cost-1__Fee-British","1","68","0","P","2","9","P Files","P Liability Signal: 8","8","0.10675999999999999","false","1000.1253658246844","1000.1253658246844","1","Yes","1","1000.1253658246844","0","true"
"Specification-TruthConditionedLatentMeritsModerateRiskAversion__Cost-1__Fee-British","1","68","0","P","2","9","P Files","P Liability Signal: 8","8","0.10675999999999999","false","1000.1253658246844","1000.1253658246844","2","No","0","999.99999798780004","0.12536783688437936","false"
"Specification-TruthConditionedLatentMeritsModerateRiskAversion__Cost-1__Fee-British","1","69","0","P","5","20","P Abandons","P Liability Signal: 8;P Files: 1;D Answers: 1","8,1,1","0.048566191599999996","false","1000.0928646338492","1000.0928646338492","1","Yes","0","1000.0372877910811","0.055576842768118695","false"
"Specification-TruthConditionedLatentMeritsModerateRiskAversion__Cost-1__Fee-British","1","69","0","P","5","20","P Abandons","P Liability Signal: 8;P Files: 1;D Answers: 1","8,1,1","0.048566191599999996","false","1000.0928646338492","1000.0928646338492","2","No","1","1000.0928646338492","0","true"
"Specification-TruthConditionedLatentMeritsModerateRiskAversion__Cost-1__Fee-British","1","70","0","P","7","14","P Offer","P Liability Signal: 8;P Files: 1;D Answers: 1;P Abandons: 1","8,1,1,1","0","true","","","1","0.05","0.10000000000000001","","",""
"Specification-TruthConditionedLatentMeritsModerateRiskAversion__Cost-1__Fee-British","1","70","0","P","7","14","P Offer","P Liability Signal: 8;P Files: 1;D Answers: 1;P Abandons: 1","8,1,1,1","0","true","","","2","0.15","0.10000000000000001","","",""
"Specification-TruthConditionedLatentMeritsModerateRiskAversion__Cost-1__Fee-British","1","70","0","P","7","14","P Offer","P Liability Signal: 8;P Files: 1;D Answers: 1;P Abandons: 1","8,1,1,1","0","true","","","3","0.25","0.10000000000000001","","",""
"Specification-TruthConditionedLatentMeritsModerateRiskAversion__Cost-1__Fee-British","1","70","0","P","7","14","P Offer","P Liability Signal: 8;P Files: 1;D Answers: 1;P Abandons: 1","8,1,1,1","0","true","","","4","0.35","0.10000000000000001","","",""
"Specification-TruthConditionedLatentMeritsModerateRiskAversion__Cost-1__Fee-British","1","70","0","P","7","14","P Offer","P Liability Signal: 8;P Files: 1;D Answers: 1;P Abandons: 1","8,1,1,1","0","true","","","5","0.45","0.10000000000000001","","",""
"Specification-TruthConditionedLatentMeritsModerateRiskAversion__Cost-1__Fee-British","1","70","0","P","7","14","P Offer","P Liability Signal: 8;P Files: 1;D Answers: 1;P Abandons: 1","8,1,1,1","0","true","","","6","0.55","0.10000000000000001","","",""
"Specification-TruthConditionedLatentMeritsModerateRiskAversion__Cost-1__Fee-British","1","70","0","P","7","14","P Offer","P Liability Signal: 8;P Files: 1;D Answers: 1;P Abandons: 1","8,1,1,1","0","true","","","7","0.65","0.10000000000000001","","",""
"Specification-TruthConditionedLatentMeritsModerateRiskAversion__Cost-1__Fee-British","1","70","0","P","7","14","P Offer","P Liability Signal: 8;P Files: 1;D Answers: 1;P Abandons: 1","8,1,1,1","0","true","","","8","0.75","0.10000000000000001","","",""
"Specification-TruthConditionedLatentMeritsModerateRiskAversion__Cost-1__Fee-British","1","70","0","P","7","14","P Offer","P Liability Signal: 8;P Files: 1;D Answers: 1;P Abandons: 1","8,1,1,1","0","true","","","9","0.85","0.10000000000000001","","",""
"Specification-TruthConditionedLatentMeritsModerateRiskAversion__Cost-1__Fee-British","1","70","0","P","7","14","P Offer","P Liability Signal: 8;P Files: 1;D Answers: 1;P Abandons: 1","8,1,1,1","0","true","","","10","0.95","0.10000000000000001","","",""
"Specification-TruthConditionedLatentMeritsModerateRiskAversion__Cost-1__Fee-British","1","71","0","P","7","14","P Offer","P Liability Signal: 8;P Files: 1;D Answers: 1;P Abandons: 2","8,1,1,2","0.048566191599999996","false","1000.0928646338492","1000.0928646338492","1","0.05","0","1000.0310852156863","0.061779418162927868","false"
"Specification-TruthConditionedLatentMeritsModerateRiskAversion__Cost-1__Fee-British","1","71","0","P","7","14","P Offer","P Liability Signal: 8;P Files: 1;D Answers: 1;P Abandons: 2","8,1,1,2","0.048566191599999996","false","1000.0928646338492","1000.0928646338492","2","0.15","0","1000.0291757280365","0.063688905812682606","false"
"Specification-TruthConditionedLatentMeritsModerateRiskAversion__Cost-1__Fee-British","1","71","0","P","7","14","P Offer","P Liability Signal: 8;P Files: 1;D Answers: 1;P Abandons: 2","8,1,1,2","0.048566191599999996","false","1000.0928646338492","1000.0928646338492","3","0.25","0","1000.0308956265336","0.061969007315610725","false"
"Specification-TruthConditionedLatentMeritsModerateRiskAversion__Cost-1__Fee-British","1","71","0","P","7","14","P Offer","P Liability Signal: 8;P Files: 1;D Answers: 1;P Abandons: 2","8,1,1,2","0.048566191599999996","false","1000.0928646338492","1000.0928646338492","4","0.35","0","1000.0393349855067","0.05352964834253271","false"
"Specification-TruthConditionedLatentMeritsModerateRiskAversion__Cost-1__Fee-British","1","71","0","P","7","14","P Offer","P Liability Signal: 8;P Files: 1;D Answers: 1;P Abandons: 2","8,1,1,2","0.048566191599999996","false","1000.0928646338492","1000.0928646338492","5","0.45","0","1000.0469720573667","0.045892576482515324","false"
"Specification-TruthConditionedLatentMeritsModerateRiskAversion__Cost-1__Fee-British","1","71","0","P","7","14","P Offer","P Liability Signal: 8;P Files: 1;D Answers: 1;P Abandons: 2","8,1,1,2","0.048566191599999996","false","1000.0928646338492","1000.0928646338492","6","0.55","0","1000.0538813715182","0.038983262331043989","false"
"Specification-TruthConditionedLatentMeritsModerateRiskAversion__Cost-1__Fee-British","1","71","0","P","7","14","P Offer","P Liability Signal: 8;P Files: 1;D Answers: 1;P Abandons: 2","8,1,1,2","0.048566191599999996","false","1000.0928646338492","1000.0928646338492","7","0.65","0","1000.0928646338492","0","true"
"Specification-TruthConditionedLatentMeritsModerateRiskAversion__Cost-1__Fee-British","1","71","0","P","7","14","P Offer","P Liability Signal: 8;P Files: 1;D Answers: 1;P Abandons: 2","8,1,1,2","0.048566191599999996","false","1000.0928646338492","1000.0928646338492","8","0.75","0.57418194512197629","1000.0928646338492","0","true"
"Specification-TruthConditionedLatentMeritsModerateRiskAversion__Cost-1__Fee-British","1","71","0","P","7","14","P Offer","P Liability Signal: 8;P Files: 1;D Answers: 1;P Abandons: 2","8,1,1,2","0.048566191599999996","false","1000.0928646338492","1000.0928646338492","9","0.85","0.42581805487802371","1000.0928646338492","0","true"
"Specification-TruthConditionedLatentMeritsModerateRiskAversion__Cost-1__Fee-British","1","71","0","P","7","14","P Offer","P Liability Signal: 8;P Files: 1;D Answers: 1;P Abandons: 2","8,1,1,2","0.048566191599999996","false","1000.0928646338492","1000.0928646338492","10","0.95","0","1000.0928646338492","0","true"
"Specification-TruthConditionedLatentMeritsModerateRiskAversion__Cost-1__Fee-British","1","72","0","P","2","9","P Files","P Liability Signal: 9","9","0.10203","false","1000.1406058987062","1000.1406058987062","1","Yes","1","1000.1406058987062","0","true"
"Specification-TruthConditionedLatentMeritsModerateRiskAversion__Cost-1__Fee-British","1","72","0","P","2","9","P Files","P Liability Signal: 9","9","0.10203","false","1000.1406058987062","1000.1406058987062","2","No","0","999.99999798780004","0.14060791090616931","false"
"Specification-TruthConditionedLatentMeritsModerateRiskAversion__Cost-1__Fee-British","1","73","0","P","5","20","P Abandons","P Liability Signal: 9;P Files: 1;D Answers: 1","9,1,1","0.037730694000000002","false","1000.1203534361983","1000.1203534361983","1","Yes","0","1000.0453409944981","0.07501244170020982","false"
"Specification-TruthConditionedLatentMeritsModerateRiskAversion__Cost-1__Fee-British","1","73","0","P","5","20","P Abandons","P Liability Signal: 9;P Files: 1;D Answers: 1","9,1,1","0.037730694000000002","false","1000.1203534361983","1000.1203534361983","2","No","1","1000.1203534361983","0","true"
"Specification-TruthConditionedLatentMeritsModerateRiskAversion__Cost-1__Fee-British","1","74","0","P","7","14","P Offer","P Liability Signal: 9;P Files: 1;D Answers: 1;P Abandons: 1","9,1,1,1","0","true","","","1","0.05","0.10000000000000001","","",""
"Specification-TruthConditionedLatentMeritsModerateRiskAversion__Cost-1__Fee-British","1","74","0","P","7","14","P Offer","P Liability Signal: 9;P Files: 1;D Answers: 1;P Abandons: 1","9,1,1,1","0","true","","","2","0.15","0.10000000000000001","","",""
"Specification-TruthConditionedLatentMeritsModerateRiskAversion__Cost-1__Fee-British","1","74","0","P","7","14","P Offer","P Liability Signal: 9;P Files: 1;D Answers: 1;P Abandons: 1","9,1,1,1","0","true","","","3","0.25","0.10000000000000001","","",""
"Specification-TruthConditionedLatentMeritsModerateRiskAversion__Cost-1__Fee-British","1","74","0","P","7","14","P Offer","P Liability Signal: 9;P Files: 1;D Answers: 1;P Abandons: 1","9,1,1,1","0","true","","","4","0.35","0.10000000000000001","","",""
"Specification-TruthConditionedLatentMeritsModerateRiskAversion__Cost-1__Fee-British","1","74","0","P","7","14","P Offer","P Liability Signal: 9;P Files: 1;D Answers: 1;P Abandons: 1","9,1,1,1","0","true","","","5","0.45","0.10000000000000001","","",""
"Specification-TruthConditionedLatentMeritsModerateRiskAversion__Cost-1__Fee-British","1","74","0","P","7","14","P Offer","P Liability Signal: 9;P Files: 1;D Answers: 1;P Abandons: 1","9,1,1,1","0","true","","","6","0.55","0.10000000000000001","","",""
"Specification-TruthConditionedLatentMeritsModerateRiskAversion__Cost-1__Fee-British","1","74","0","P","7","14","P Offer","P Liability Signal: 9;P Files: 1;D Answers: 1;P Abandons: 1","9,1,1,1","0","true","","","7","0.65","0.10000000000000001","","",""
"Specification-TruthConditionedLatentMeritsModerateRiskAversion__Cost-1__Fee-British","1","74","0","P","7","14","P Offer","P Liability Signal: 9;P Files: 1;D Answers: 1;P Abandons: 1","9,1,1,1","0","true","","","8","0.75","0.10000000000000001","","",""
"Specification-TruthConditionedLatentMeritsModerateRiskAversion__Cost-1__Fee-British","1","74","0","P","7","14","P Offer","P Liability Signal: 9;P Files: 1;D Answers: 1;P Abandons: 1","9,1,1,1","0","true","","","9","0.85","0.10000000000000001","","",""
"Specification-TruthConditionedLatentMeritsModerateRiskAversion__Cost-1__Fee-British","1","74","0","P","7","14","P Offer","P Liability Signal: 9;P Files: 1;D Answers: 1;P Abandons: 1","9,1,1,1","0","true","","","10","0.95","0.10000000000000001","","",""
"Specification-TruthConditionedLatentMeritsModerateRiskAversion__Cost-1__Fee-British","1","75","0","P","7","14","P Offer","P Liability Signal: 9;P Files: 1;D Answers: 1;P Abandons: 2","9,1,1,2","0.037730694000000002","false","1000.1203534361983","1000.1203534361983","1","0.05","0","1000.0364549201362","0.083898516062163253","false"
"Specification-TruthConditionedLatentMeritsModerateRiskAversion__Cost-1__Fee-British","1","75","0","P","7","14","P Offer","P Liability Signal: 9;P Files: 1;D Answers: 1;P Abandons: 2","9,1,1,2","0.037730694000000002","false","1000.1203534361983","1000.1203534361983","2","0.15","0","1000.0449493151976","0.075404121000701707","false"
"Specification-TruthConditionedLatentMeritsModerateRiskAversion__Cost-1__Fee-British","1","75","0","P","7","14","P Offer","P Liability Signal: 9;P Files: 1;D Answers: 1;P Abandons: 2","9,1,1,2","0.037730694000000002","false","1000.1203534361983","1000.1203534361983","3","0.25","0","1000.0532447765089","0.067108659689438355","false"
"Specification-TruthConditionedLatentMeritsModerateRiskAversion__Cost-1__Fee-British","1","75","0","P","7","14","P Offer","P Liability Signal: 9;P Files: 1;D Answers: 1;P Abandons: 2","9,1,1,2","0.037730694000000002","false","1000.1203534361983","1000.1203534361983","4","0.35","0","1000.0623840881395","0.057969348058804826","false"
"Specification-TruthConditionedLatentMeritsModerateRiskAversion__Cost-1__Fee-British","1","75","0","P","7","14","P Offer","P Liability Signal: 9;P Files: 1;D Answers: 1;P Abandons: 2","9,1,1,2","0.037730694000000002","false","1000.1203534361983","1000.1203534361983","5","0.45","0","1000.0706545717037","0.049698864494644113","false"
"Specification-TruthConditionedLatentMeritsModerateRiskAversion__Cost-1__Fee-British","1","75","0","P","7","14","P Offer","P Liability Signal: 9;P Files: 1;D Answers: 1;P Abandons: 2","9,1,1,2","0.037730694000000002","false","1000.1203534361983","1000.1203534361983","6","0.55","0","1000.0781369380052","0.042216498193170082","false"
"Specification-TruthConditionedLatentMeritsModerateRiskAversion__Cost-1__Fee-British","1","75","0","P","7","14","P Offer","P Liability Signal: 9;P Files: 1;D Answers: 1;P Abandons: 2","9,1,1,2","0.037730694000000002","false","1000.1203534361983","1000.1203534361983","7","0.65","0","1000.1203534361983","0","true"
"Specification-TruthConditionedLatentMeritsModerateRiskAversion__Cost-1__Fee-British","1","75","0","P","7","14","P Offer","P Liability Signal: 9;P Files: 1;D Answers: 1;P Abandons: 2","9,1,1,2","0.037730694000000002","false","1000.1203534361983","1000.1203534361983","8","0.75","0","1000.1203534361983","0","true"
"Specification-TruthConditionedLatentMeritsModerateRiskAversion__Cost-1__Fee-British","1","75","0","P","7","14","P Offer","P Liability Signal: 9;P Files: 1;D Answers: 1;P Abandons: 2","9,1,1,2","0.037730694000000002","false","1000.1203534361983","1000.1203534361983","9","0.85","0.14920824356168563","1000.1203534361983","0","true"
"Specification-TruthConditionedLatentMeritsModerateRiskAversion__Cost-1__Fee-British","1","75","0","P","7","14","P Offer","P Liability Signal: 9;P Files: 1;D Answers: 1;P Abandons: 2","9,1,1,2","0.037730694000000002","false","1000.1203534361983","1000.1203534361983","10","0.95","0.85079175643831439","1000.1203534361983","0","true"
"Specification-TruthConditionedLatentMeritsModerateRiskAversion__Cost-1__Fee-British","1","76","0","P","2","9","P Files","P Liability Signal: 10","10","0.086239999999999997","false","1000.1472492502818","1000.1472492502818","1","Yes","1","1000.1472492502818","0","true"
"Specification-TruthConditionedLatentMeritsModerateRiskAversion__Cost-1__Fee-British","1","76","0","P","2","9","P Files","P Liability Signal: 10","10","0.086239999999999997","false","1000.1472492502818","1000.1472492502818","2","No","0","999.99999798780016","0.14725126248163178","false"
"Specification-TruthConditionedLatentMeritsModerateRiskAversion__Cost-1__Fee-British","1","77","0","P","5","20","P Abandons","P Liability Signal: 10;P Files: 1;D Answers: 1","10,1,1","0.0267870064","false","1000.1356175563629","1000.1356175563629","1","Yes","0","1000.0506915883464","0.084925968016591469","false"
"Specification-TruthConditionedLatentMeritsModerateRiskAversion__Cost-1__Fee-British","1","77","0","P","5","20","P Abandons","P Liability Signal: 10;P Files: 1;D Answers: 1","10,1,1","0.0267870064","false","1000.1356175563629","1000.1356175563629","2","No","1","1000.1356175563629","0","true"
"Specification-TruthConditionedLatentMeritsModerateRiskAversion__Cost-1__Fee-British","1","78","0","P","7","14","P Offer","P Liability Signal: 10;P Files: 1;D Answers: 1;P Abandons: 1","10,1,1,1","0","true","","","1","0.05","0.10000000000000001","","",""
"Specification-TruthConditionedLatentMeritsModerateRiskAversion__Cost-1__Fee-British","1","78","0","P","7","14","P Offer","P Liability Signal: 10;P Files: 1;D Answers: 1;P Abandons: 1","10,1,1,1","0","true","","","2","0.15","0.10000000000000001","","",""
"Specification-TruthConditionedLatentMeritsModerateRiskAversion__Cost-1__Fee-British","1","78","0","P","7","14","P Offer","P Liability Signal: 10;P Files: 1;D Answers: 1;P Abandons: 1","10,1,1,1","0","true","","","3","0.25","0.10000000000000001","","",""
"Specification-TruthConditionedLatentMeritsModerateRiskAversion__Cost-1__Fee-British","1","78","0","P","7","14","P Offer","P Liability Signal: 10;P Files: 1;D Answers: 1;P Abandons: 1","10,1,1,1","0","true","","","4","0.35","0.10000000000000001","","",""
"Specification-TruthConditionedLatentMeritsModerateRiskAversion__Cost-1__Fee-British","1","78","0","P","7","14","P Offer","P Liability Signal: 10;P Files: 1;D Answers: 1;P Abandons: 1","10,1,1,1","0","true","","","5","0.45","0.10000000000000001","","",""
"Specification-TruthConditionedLatentMeritsModerateRiskAversion__Cost-1__Fee-British","1","78","0","P","7","14","P Offer","P Liability Signal: 10;P Files: 1;D Answers: 1;P Abandons: 1","10,1,1,1","0","true","","","6","0.55","0.10000000000000001","","",""
"Specification-TruthConditionedLatentMeritsModerateRiskAversion__Cost-1__Fee-British","1","78","0","P","7","14","P Offer","P Liability Signal: 10;P Files: 1;D Answers: 1;P Abandons: 1","10,1,1,1","0","true","","","7","0.65","0.10000000000000001","","",""
"Specification-TruthConditionedLatentMeritsModerateRiskAversion__Cost-1__Fee-British","1","78","0","P","7","14","P Offer","P Liability Signal: 10;P Files: 1;D Answers: 1;P Abandons: 1","10,1,1,1","0","true","","","8","0.75","0.10000000000000001","","",""
"Specification-TruthConditionedLatentMeritsModerateRiskAversion__Cost-1__Fee-British","1","78","0","P","7","14","P Offer","P Liability Signal: 10;P Files: 1;D Answers: 1;P Abandons: 1","10,1,1,1","0","true","","","9","0.85","0.10000000000000001","","",""
"Specification-TruthConditionedLatentMeritsModerateRiskAversion__Cost-1__Fee-British","1","78","0","P","7","14","P Offer","P Liability Signal: 10;P Files: 1;D Answers: 1;P Abandons: 1","10,1,1,1","0","true","","","10","0.95","0.10000000000000001","","",""
"Specification-TruthConditionedLatentMeritsModerateRiskAversion__Cost-1__Fee-British","1","79","0","P","7","14","P Offer","P Liability Signal: 10;P Files: 1;D Answers: 1;P Abandons: 2","10,1,1,2","0.0267870064","false","1000.1356175563629","1000.1356175563629","1","0.05","0","1000.039980948869","0.09563660749392966","false"
"Specification-TruthConditionedLatentMeritsModerateRiskAversion__Cost-1__Fee-British","1","79","0","P","7","14","P Offer","P Liability Signal: 10;P Files: 1;D Answers: 1;P Abandons: 2","10,1,1,2","0.0267870064","false","1000.1356175563629","1000.1356175563629","2","0.15","0","1000.0530722244529","0.082545331910068853","false"
"Specification-TruthConditionedLatentMeritsModerateRiskAversion__Cost-1__Fee-British","1","79","0","P","7","14","P Offer","P Liability Signal: 10;P Files: 1;D Answers: 1;P Abandons: 2","10,1,1,2","0.0267870064","false","1000.1356175563629","1000.1356175563629","3","0.25","0","1000.0650795387613","0.070538017601620595","false"
"Specification-TruthConditionedLatentMeritsModerateRiskAversion__Cost-1__Fee-British","1","79","0","P","7","14","P Offer","P Liability Signal: 10;P Files: 1;D Answers: 1;P Abandons: 2","10,1,1,2","0.0267870064","false","1000.1356175563629","1000.1356175563629","4","0.35","0","1000.0746858835709","0.060931672792094105","false"
"Specification-TruthConditionedLatentMeritsModerateRiskAversion__Cost-1__Fee-British","1","79","0","P","7","14","P Offer","P Liability Signal: 10;P Files: 1;D Answers: 1;P Abandons: 2","10,1,1,2","0.0267870064","false","1000.1356175563629","1000.1356175563629","5","0.45","0","1000.0833790018349","0.052238554528003078","false"
"Specification-TruthConditionedLatentMeritsModerateRiskAversion__Cost-1__Fee-British","1","79","0","P","7","14","P Offer","P Liability Signal: 10;P Files: 1;D Answers: 1;P Abandons: 2","10,1,1,2","0.0267870064","false","1000.1356175563629","1000.1356175563629","6","0.55","0","1000.091243728806","0.044373827556910328","false"
"Specification-TruthConditionedLatentMeritsModerateRiskAversion__Cost-1__Fee-British","1","79","0","P","7","14","P Offer","P Liability Signal: 10;P Files: 1;D Answers: 1;P Abandons: 2","10,1,1,2","0.0267870064","false","1000.1356175563629","1000.1356175563629","7","0.65","0","1000.1356175563629","0","true"
"Specification-TruthConditionedLatentMeritsModerateRiskAversion__Cost-1__Fee-British","1","79","0","P","7","14","P Offer","P Liability Signal: 10;P Files: 1;D Answers: 1;P Abandons: 2","10,1,1,2","0.0267870064","false","1000.1356175563629","1000.1356175563629","8","0.75","0","1000.1356175563629","0","true"
"Specification-TruthConditionedLatentMeritsModerateRiskAversion__Cost-1__Fee-British","1","79","0","P","7","14","P Offer","P Liability Signal: 10;P Files: 1;D Answers: 1;P Abandons: 2","10,1,1,2","0.0267870064","false","1000.1356175563629","1000.1356175563629","9","0.85","0","1000.1356175563629","0","true"
"Specification-TruthConditionedLatentMeritsModerateRiskAversion__Cost-1__Fee-British","1","79","0","P","7","14","P Offer","P Liability Signal: 10;P Files: 1;D Answers: 1;P Abandons: 2","10,1,1,2","0.0267870064","false","1000.1356175563629","1000.1356175563629","10","0.95","1","1000.1356175563629","0","true"
"Specification-TruthConditionedLatentMeritsModerateRiskAversion__Cost-1__Fee-British","1","1","1","D","3","10","D Answers","D Liability Signal: 1;P Files: 1","1,1","0.026795654099999996","false","999.87362049516707","999.87362049516707","1","Yes","1","999.87362049516707","0","true"
"Specification-TruthConditionedLatentMeritsModerateRiskAversion__Cost-1__Fee-British","1","1","1","D","3","10","D Answers","D Liability Signal: 1;P Files: 1","1,1","0.026795654099999996","false","999.87362049516707","999.87362049516707","2","No","0","998.80799012820023","1.0656303669668432","false"
"Specification-TruthConditionedLatentMeritsModerateRiskAversion__Cost-1__Fee-British","1","3","1","D","6","21","D Defaults","D Liability Signal: 1;P Files: 1;D Answers: 1","1,1,1","0.026795654099999996","false","999.87362049516707","999.87362049516707","1","Yes","0","999.15992534719044","0.71369514797663669","false"
"Specification-TruthConditionedLatentMeritsModerateRiskAversion__Cost-1__Fee-British","1","3","1","D","6","21","D Defaults","D Liability Signal: 1;P Files: 1;D Answers: 1","1,1,1","0.026795654099999996","false","999.87362049516707","999.87362049516707","2","No","1","999.87362049516707","0","true"
"Specification-TruthConditionedLatentMeritsModerateRiskAversion__Cost-1__Fee-British","1","5","1","D","8","15","D Offer","D Liability Signal: 1;P Files: 1;D Answers: 1;D Defaults: 1","1,1,1,1","0","true","","","1","0.05","0.10000000000000001","","",""
"Specification-TruthConditionedLatentMeritsModerateRiskAversion__Cost-1__Fee-British","1","5","1","D","8","15","D Offer","D Liability Signal: 1;P Files: 1;D Answers: 1;D Defaults: 1","1,1,1,1","0","true","","","2","0.15","0.10000000000000001","","",""
"Specification-TruthConditionedLatentMeritsModerateRiskAversion__Cost-1__Fee-British","1","5","1","D","8","15","D Offer","D Liability Signal: 1;P Files: 1;D Answers: 1;D Defaults: 1","1,1,1,1","0","true","","","3","0.25","0.10000000000000001","","",""
"Specification-TruthConditionedLatentMeritsModerateRiskAversion__Cost-1__Fee-British","1","5","1","D","8","15","D Offer","D Liability Signal: 1;P Files: 1;D Answers: 1;D Defaults: 1","1,1,1,1","0","true","","","4","0.35","0.10000000000000001","","",""
"Specification-TruthConditionedLatentMeritsModerateRiskAversion__Cost-1__Fee-British","1","5","1","D","8","15","D Offer","D Liability Signal: 1;P Files: 1;D Answers: 1;D Defaults: 1","1,1,1,1","0","true","","","5","0.45","0.10000000000000001","","",""
"Specification-TruthConditionedLatentMeritsModerateRiskAversion__Cost-1__Fee-British","1","5","1","D","8","15","D Offer","D Liability Signal: 1;P Files: 1;D Answers: 1;D Defaults: 1","1,1,1,1","0","true","","","6","0.55","0.10000000000000001","","",""
"Specification-TruthConditionedLatentMeritsModerateRiskAversion__Cost-1__Fee-British","1","5","1","D","8","15","D Offer","D Liability Signal: 1;P Files: 1;D Answers: 1;D Defaults: 1","1,1,1,1","0","true","","","7","0.65","0.10000000000000001","","",""
"Specification-TruthConditionedLatentMeritsModerateRiskAversion__Cost-1__Fee-British","1","5","1","D","8","15","D Offer","D Liability Signal: 1;P Files: 1;D Answers: 1;D Defaults: 1","1,1,1,1","0","true","","","8","0.75","0.10000000000000001","","",""
"Specification-TruthConditionedLatentMeritsModerateRiskAversion__Cost-1__Fee-British","1","5","1","D","8","15","D Offer","D Liability Signal: 1;P Files: 1;D Answers: 1;D Defaults: 1","1,1,1,1","0","true","","","9","0.85","0.10000000000000001","","",""
"Specification-TruthConditionedLatentMeritsModerateRiskAversion__Cost-1__Fee-British","1","5","1","D","8","15","D Offer","D Liability Signal: 1;P Files: 1;D Answers: 1;D Defaults: 1","1,1,1,1","0","true","","","10","0.95","0.10000000000000001","","",""
"Specification-TruthConditionedLatentMeritsModerateRiskAversion__Cost-1__Fee-British","1","6","1","D","8","15","D Offer","D Liability Signal: 1;P Files: 1;D Answers: 1;D Defaults: 2","1,1,1,2","0.0267956541","false","999.87362049516696","999.87362049516696","1","0.05","1","999.87362049516696","0","true"
"Specification-TruthConditionedLatentMeritsModerateRiskAversion__Cost-1__Fee-British","1","6","1","D","8","15","D Offer","D Liability Signal: 1;P Files: 1;D Answers: 1;D Defaults: 2","1,1,1,2","0.0267956541","false","999.87362049516696","999.87362049516696","2","0.15","0","999.87362049516696","0","true"
"Specification-TruthConditionedLatentMeritsModerateRiskAversion__Cost-1__Fee-British","1","6","1","D","8","15","D Offer","D Liability Signal: 1;P Files: 1;D Answers: 1;D Defaults: 2","1,1,1,2","0.0267956541","false","999.87362049516696","999.87362049516696","3","0.25","0","999.87362049516696","0","true"
"Specification-TruthConditionedLatentMeritsModerateRiskAversion__Cost-1__Fee-British","1","6","1","D","8","15","D Offer","D Liability Signal: 1;P Files: 1;D Answers: 1;D Defaults: 2","1,1,1,2","0.0267956541","false","999.87362049516696","999.87362049516696","4","0.35","0","999.87362049516696","0","true"
"Specification-TruthConditionedLatentMeritsModerateRiskAversion__Cost-1__Fee-British","1","6","1","D","8","15","D Offer","D Liability Signal: 1;P Files: 1;D Answers: 1;D Defaults: 2","1,1,1,2","0.0267956541","false","999.87362049516696","999.87362049516696","5","0.45","0","999.87362049516696","0","true"
"Specification-TruthConditionedLatentMeritsModerateRiskAversion__Cost-1__Fee-British","1","6","1","D","8","15","D Offer","D Liability Signal: 1;P Files: 1;D Answers: 1;D Defaults: 2","1,1,1,2","0.0267956541","false","999.87362049516696","999.87362049516696","6","0.55","0","999.38980568570832","0.48381480945863586","false"
"Specification-TruthConditionedLatentMeritsModerateRiskAversion__Cost-1__Fee-British","1","6","1","D","8","15","D Offer","D Liability Signal: 1;P Files: 1;D Answers: 1;D Defaults: 2","1,1,1,2","0.0267956541","false","999.87362049516696","999.87362049516696","7","0.65","0","999.31353673437945","0.56008376078750644","false"
"Specification-TruthConditionedLatentMeritsModerateRiskAversion__Cost-1__Fee-British","1","6","1","D","8","15","D Offer","D Liability Signal: 1;P Files: 1;D Answers: 1;D Defaults: 2","1,1,1,2","0.0267956541","false","999.87362049516696","999.87362049516696","8","0.75","0","999.23594292429323","0.63767757087373411","false"
"Specification-TruthConditionedLatentMeritsModerateRiskAversion__Cost-1__Fee-British","1","6","1","D","8","15","D Offer","D Liability Signal: 1;P Files: 1;D Answers: 1;D Defaults: 2","1,1,1,2","0.0267956541","false","999.87362049516696","999.87362049516696","9","0.85","0","999.1438494630454","0.7297710321215618","false"
"Specification-TruthConditionedLatentMeritsModerateRiskAversion__Cost-1__Fee-British","1","6","1","D","8","15","D Offer","D Liability Signal: 1;P Files: 1;D Answers: 1;D Defaults: 2","1,1,1,2","0.0267956541","false","999.87362049516696","999.87362049516696","10","0.95","0","999.04177832196581","0.83184217320115295","false"
"Specification-TruthConditionedLatentMeritsModerateRiskAversion__Cost-1__Fee-British","1","8","1","D","3","10","D Answers","D Liability Signal: 2;P Files: 1","2,1","0.037728398599999997","false","999.8077245183274","999.8077245183274","1","Yes","1","999.8077245183274","0","true"
"Specification-TruthConditionedLatentMeritsModerateRiskAversion__Cost-1__Fee-British","1","8","1","D","3","10","D Answers","D Liability Signal: 2;P Files: 1","2,1","0.037728398599999997","false","999.8077245183274","999.8077245183274","2","No","0","998.80799012820012","0.99973439012728704","false"
"Specification-TruthConditionedLatentMeritsModerateRiskAversion__Cost-1__Fee-British","1","9","1","D","6","21","D Defaults","D Liability Signal: 2;P Files: 1;D Answers: 1","2,1,1","0.037728398599999997","false","999.8077245183274","999.8077245183274","1","Yes","0","999.14051908698536","0.66720543134204036","false"
"Specification-TruthConditionedLatentMeritsModerateRiskAversion__Cost-1__Fee-British","1","9","1","D","6","21","D Defaults","D Liability Signal: 2;P Files: 1;D Answers: 1","2,1,1","0.037728398599999997","false","999.8077245183274","999.8077245183274","2","No","1","999.8077245183274","0","true"
"Specification-TruthConditionedLatentMeritsModerateRiskAversion__Cost-1__Fee-British","1","10","1","D","8","15","D Offer","D Liability Signal: 2;P Files: 1;D Answers: 1;D Defaults: 1","2,1,1,1","0","true","","","1","0.05","0.10000000000000001","","",""
"Specification-TruthConditionedLatentMeritsModerateRiskAversion__Cost-1__Fee-British","1","10","1","D","8","15","D Offer","D Liability Signal: 2;P Files: 1;D Answers: 1;D Defaults: 1","2,1,1,1","0","true","","","2","0.15","0.10000000000000001","","",""
"Specification-TruthConditionedLatentMeritsModerateRiskAversion__Cost-1__Fee-British","1","10","1","D","8","15","D Offer","D Liability Signal: 2;P Files: 1;D Answers: 1;D Defaults: 1","2,1,1,1","0","true","","","3","0.25","0.10000000000000001","","",""
"Specification-TruthConditionedLatentMeritsModerateRiskAversion__Cost-1__Fee-British","1","10","1","D","8","15","D Offer","D Liability Signal: 2;P Files: 1;D Answers: 1;D Defaults: 1","2,1,1,1","0","true","","","4","0.35","0.10000000000000001","","",""
"Specification-TruthConditionedLatentMeritsModerateRiskAversion__Cost-1__Fee-British","1","10","1","D","8","15","D Offer","D Liability Signal: 2;P Files: 1;D Answers: 1;D Defaults: 1","2,1,1,1","0","true","","","5","0.45","0.10000000000000001","","",""
"Specification-TruthConditionedLatentMeritsModerateRiskAversion__Cost-1__Fee-British","1","10","1","D","8","15","D Offer","D Liability Signal: 2;P Files: 1;D Answers: 1;D Defaults: 1","2,1,1,1","0","true","","","6","0.55","0.10000000000000001","","",""
"Specification-TruthConditionedLatentMeritsModerateRiskAversion__Cost-1__Fee-British","1","10","1","D","8","15","D Offer","D Liability Signal: 2;P Files: 1;D Answers: 1;D Defaults: 1","2,1,1,1","0","true","","","7","0.65","0.10000000000000001","","",""
"Specification-TruthConditionedLatentMeritsModerateRiskAversion__Cost-1__Fee-British","1","10","1","D","8","15","D Offer","D Liability Signal: 2;P Files: 1;D Answers: 1;D Defaults: 1","2,1,1,1","0","true","","","8","0.75","0.10000000000000001","","",""
"Specification-TruthConditionedLatentMeritsModerateRiskAversion__Cost-1__Fee-British","1","10","1","D","8","15","D Offer","D Liability Signal: 2;P Files: 1;D Answers: 1;D Defaults: 1","2,1,1,1","0","true","","","9","0.85","0.10000000000000001","","",""
"Specification-TruthConditionedLatentMeritsModerateRiskAversion__Cost-1__Fee-British","1","10","1","D","8","15","D Offer","D Liability Signal: 2;P Files: 1;D Answers: 1;D Defaults: 1","2,1,1,1","0","true","","","10","0.95","0.10000000000000001","","",""
"Specification-TruthConditionedLatentMeritsModerateRiskAversion__Cost-1__Fee-British","1","11","1","D","8","15","D Offer","D Liability Signal: 2;P Files: 1;D Answers: 1;D Defaults: 2","2,1,1,2","0.037728398599999997","false","999.8077245183274","999.8077245183274","1","0.05","1","999.8077245183274","0","true"
"Specification-TruthConditionedLatentMeritsModerateRiskAversion__Cost-1__Fee-British","1","11","1","D","8","15","D Offer","D Liability Signal: 2;P Files: 1;D Answers: 1;D Defaults: 2","2,1,1,2","0.037728398599999997","false","999.8077245183274","999.8077245183274","2","0.15","0","999.8077245183274","0","true"
"Specification-TruthConditionedLatentMeritsModerateRiskAversion__Cost-1__Fee-British","1","11","1","D","8","15","D Offer","D Liability Signal: 2;P Files: 1;D Answers: 1;D Defaults: 2","2,1,1,2","0.037728398599999997","false","999.8077245183274","999.8077245183274","3","0.25","0","999.8077245183274","0","true"
"Specification-TruthConditionedLatentMeritsModerateRiskAversion__Cost-1__Fee-British","1","11","1","D","8","15","D Offer","D Liability Signal: 2;P Files: 1;D Answers: 1;D Defaults: 2","2,1,1,2","0.037728398599999997","false","999.8077245183274","999.8077245183274","4","0.35","0","999.8077245183274","0","true"
"Specification-TruthConditionedLatentMeritsModerateRiskAversion__Cost-1__Fee-British","1","11","1","D","8","15","D Offer","D Liability Signal: 2;P Files: 1;D Answers: 1;D Defaults: 2","2,1,1,2","0.037728398599999997","false","999.8077245183274","999.8077245183274","5","0.45","0","999.8077245183274","0","true"
"Specification-TruthConditionedLatentMeritsModerateRiskAversion__Cost-1__Fee-British","1","11","1","D","8","15","D Offer","D Liability Signal: 2;P Files: 1;D Answers: 1;D Defaults: 2","2,1,1,2","0.037728398599999997","false","999.8077245183274","999.8077245183274","6","0.55","0","999.33647584712514","0.47124867120226099","false"
"Specification-TruthConditionedLatentMeritsModerateRiskAversion__Cost-1__Fee-British","1","11","1","D","8","15","D Offer","D Liability Signal: 2;P Files: 1;D Answers: 1;D Defaults: 2","2,1,1,2","0.037728398599999997","false","999.8077245183274","999.8077245183274","7","0.65","0","999.26218783182435","0.54553668650305553","false"
"Specification-TruthConditionedLatentMeritsModerateRiskAversion__Cost-1__Fee-British","1","11","1","D","8","15","D Offer","D Liability Signal: 2;P Files: 1;D Answers: 1;D Defaults: 2","2,1,1,2","0.037728398599999997","false","999.8077245183274","999.8077245183274","8","0.75","0","999.1994344935207","0.60829002480670624","false"
"Specification-TruthConditionedLatentMeritsModerateRiskAversion__Cost-1__Fee-British","1","11","1","D","8","15","D Offer","D Liability Signal: 2;P Files: 1;D Answers: 1;D Defaults: 2","2,1,1,2","0.037728398599999997","false","999.8077245183274","999.8077245183274","9","0.85","0","999.11862490994395","0.68909960838345796","false"
"Specification-TruthConditionedLatentMeritsModerateRiskAversion__Cost-1__Fee-British","1","11","1","D","8","15","D Offer","D Liability Signal: 2;P Files: 1;D Answers: 1;D Defaults: 2","2,1,1,2","0.037728398599999997","false","999.8077245183274","999.8077245183274","10","0.95","0","999.03140987992879","0.77631463839861681","false"
"Specification-TruthConditionedLatentMeritsModerateRiskAversion__Cost-1__Fee-British","1","12","1","D","3","10","D Answers","D Liability Signal: 3;P Files: 1","3,1","0.048562892099999998","false","999.67807414233289","999.67807414233289","1","Yes","1","999.67807414233289","0","true"
"Specification-TruthConditionedLatentMeritsModerateRiskAversion__Cost-1__Fee-British","1","12","1","D","3","10","D Answers","D Liability Signal: 3;P Files: 1","3,1","0.048562892099999998","false","999.67807414233289","999.67807414233289","2","No","0","998.8079901282","0.87008401413288539","false"
"Specification-TruthConditionedLatentMeritsModerateRiskAversion__Cost-1__Fee-British","1","13","1","D","6","21","D Defaults","D Liability Signal: 3;P Files: 1;D Answers: 1","3,1,1","0.048562892099999998","false","999.67807414233289","999.67807414233289","1","Yes","0","999.10772109446987","0.57035304786302277","false"
"Specification-TruthConditionedLatentMeritsModerateRiskAversion__Cost-1__Fee-British","1","13","1","D","6","21","D Defaults","D Liability Signal: 3;P Files: 1;D Answers: 1","3,1,1","0.048562892099999998","false","999.67807414233289","999.67807414233289","2","No","1","999.67807414233289","0","true"
"Specification-TruthConditionedLatentMeritsModerateRiskAversion__Cost-1__Fee-British","1","14","1","D","8","15","D Offer","D Liability Signal: 3;P Files: 1;D Answers: 1;D Defaults: 1","3,1,1,1","0","true","","","1","0.05","0.10000000000000001","","",""
"Specification-TruthConditionedLatentMeritsModerateRiskAversion__Cost-1__Fee-British","1","14","1","D","8","15","D Offer","D Liability Signal: 3;P Files: 1;D Answers: 1;D Defaults: 1","3,1,1,1","0","true","","","2","0.15","0.10000000000000001","","",""
"Specification-TruthConditionedLatentMeritsModerateRiskAversion__Cost-1__Fee-British","1","14","1","D","8","15","D Offer","D Liability Signal: 3;P Files: 1;D Answers: 1;D Defaults: 1","3,1,1,1","0","true","","","3","0.25","0.10000000000000001","","",""
"Specification-TruthConditionedLatentMeritsModerateRiskAversion__Cost-1__Fee-British","1","14","1","D","8","15","D Offer","D Liability Signal: 3;P Files: 1;D Answers: 1;D Defaults: 1","3,1,1,1","0","true","","","4","0.35","0.10000000000000001","","",""
"Specification-TruthConditionedLatentMeritsModerateRiskAversion__Cost-1__Fee-British","1","14","1","D","8","15","D Offer","D Liability Signal: 3;P Files: 1;D Answers: 1;D Defaults: 1","3,1,1,1","0","true","","","5","0.45","0.10000000000000001","","",""
"Specification-TruthConditionedLatentMeritsModerateRiskAversion__Cost-1__Fee-British","1","14","1","D","8","15","D Offer","D Liability Signal: 3;P Files: 1;D Answers: 1;D Defaults: 1","3,1,1,1","0","true","","","6","0.55","0.10000000000000001","","",""
"Specification-TruthConditionedLatentMeritsModerateRiskAversion__Cost-1__Fee-British","1","14","1","D","8","15","D Offer","D Liability Signal: 3;P Files: 1;D Answers: 1;D Defaults: 1","3,1,1,1","0","true","","","7","0.65","0.10000000000000001","","",""
"Specification-TruthConditionedLatentMeritsModerateRiskAversion__Cost-1__Fee-British","1","14","1","D","8","15","D Offer","D Liability Signal: 3;P Files: 1;D Answers: 1;D Defaults: 1","3,1,1,1","0","true","","","8","0.75","0.10000000000000001","","",""
"Specification-TruthConditionedLatentMeritsModerateRiskAversion__Cost-1__Fee-British","1","14","1","D","8","15","D Offer","D Liability Signal: 3;P Files: 1;D Answers: 1;D Defaults: 1","3,1,1,1","0","true","","","9","0.85","0.10000000000000001","","",""
"Specification-TruthConditionedLatentMeritsModerateRiskAversion__Cost-1__Fee-British","1","14","1","D","8","15","D Offer","D Liability Signal: 3;P Files: 1;D Answers: 1;D Defaults: 1","3,1,1,1","0","true","","","10","0.95","0.10000000000000001","","",""
"Specification-TruthConditionedLatentMeritsModerateRiskAversion__Cost-1__Fee-British","1","15","1","D","8","15","D Offer","D Liability Signal: 3;P Files: 1;D Answers: 1;D Defaults: 2","3,1,1,2","0.048562892099999998","false","999.67807414233289","999.67807414233289","1","0.05","1","999.67807414233289","0","true"
"Specification-TruthConditionedLatentMeritsModerateRiskAversion__Cost-1__Fee-British","1","15","1","D","8","15","D Offer","D Liability Signal: 3;P Files: 1;D Answers: 1;D Defaults: 2","3,1,1,2","0.048562892099999998","false","999.67807414233289","999.67807414233289","2","0.15","0","999.67807414233289","0","true"
"Specification-TruthConditionedLatentMeritsModerateRiskAversion__Cost-1__Fee-British","1","15","1","D","8","15","D Offer","D Liability Signal: 3;P Files: 1;D Answers: 1;D Defaults: 2","3,1,1,2","0.048562892099999998","false","999.67807414233289","999.67807414233289","3","0.25","0","999.67807414233289","0","true"
"Specification-TruthConditionedLatentMeritsModerateRiskAversion__Cost-1__Fee-British","1","15","1","D","8","15","D Offer","D Liability Signal: 3;P Files: 1;D Answers: 1;D Defaults: 2","3,1,1,2","0.048562892099999998","false","999.67807414233289","999.67807414233289","4","0.35","0","999.67807414233289","0","true"
"Specification-TruthConditionedLatentMeritsModerateRiskAversion__Cost-1__Fee-British","1","15","1","D","8","15","D Offer","D Liability Signal: 3;P Files: 1;D Answers: 1;D Defaults: 2","3,1,1,2","0.048562892099999998","false","999.67807414233289","999.67807414233289","5","0.45","0","999.67807414233289","0","true"
"Specification-TruthConditionedLatentMeritsModerateRiskAversion__Cost-1__Fee-British","1","15","1","D","8","15","D Offer","D Liability Signal: 3;P Files: 1;D Answers: 1;D Defaults: 2","3,1,1,2","0.048562892099999998","false","999.67807414233289","999.67807414233289","6","0.55","0","999.22788808545056","0.45018605688233038","false"
"Specification-TruthConditionedLatentMeritsModerateRiskAversion__Cost-1__Fee-British","1","15","1","D","8","15","D Offer","D Liability Signal: 3;P Files: 1;D Answers: 1;D Defaults: 2","3,1,1,2","0.048562892099999998","false","999.67807414233289","999.67807414233289","7","0.65","0","999.15692039742203","0.52115374491086186","false"
"Specification-TruthConditionedLatentMeritsModerateRiskAversion__Cost-1__Fee-British","1","15","1","D","8","15","D Offer","D Liability Signal: 3;P Files: 1;D Answers: 1;D Defaults: 2","3,1,1,2","0.048562892099999998","false","999.67807414233289","999.67807414233289","8","0.75","0","999.12250632996154","0.55556781237135056","false"
"Specification-TruthConditionedLatentMeritsModerateRiskAversion__Cost-1__Fee-British","1","15","1","D","8","15","D Offer","D Liability Signal: 3;P Files: 1;D Answers: 1;D Defaults: 2","3,1,1,2","0.048562892099999998","false","999.67807414233289","999.67807414233289","9","0.85","0","999.06461177436893","0.6134623679639617","false"
"Specification-TruthConditionedLatentMeritsModerateRiskAversion__Cost-1__Fee-British","1","15","1","D","8","15","D Offer","D Liability Signal: 3;P Files: 1;D Answers: 1;D Defaults: 2","3,1,1,2","0.048562892099999998","false","999.67807414233289","999.67807414233289","10","0.95","0","999.01349557140509","0.66457857092780159","false"
"Specification-TruthConditionedLatentMeritsModerateRiskAversion__Cost-1__Fee-British","1","16","1","D","3","10","D Answers","D Liability Signal: 4;P Files: 1","4,1","0.059191698699999996","false","999.44764631040323","999.44764631040323","1","Yes","1","999.44764631040323","0","true"
"Specification-TruthConditionedLatentMeritsModerateRiskAversion__Cost-1__Fee-British","1","16","1","D","3","10","D Answers","D Liability Signal: 4;P Files: 1","4,1","0.059191698699999996","false","999.44764631040323","999.44764631040323","2","No","0","998.80799012820012","0.63965618220311171","false"
"Specification-TruthConditionedLatentMeritsModerateRiskAversion__Cost-1__Fee-British","1","17","1","D","6","21","D Defaults","D Liability Signal: 4;P Files: 1;D Answers: 1","4,1,1","0.059191698699999996","false","999.44764631040323","999.44764631040323","1","Yes","0","999.05626662215695","0.39137968824627478","false"
"Specification-TruthConditionedLatentMeritsModerateRiskAversion__Cost-1__Fee-British","1","17","1","D","6","21","D Defaults","D Liability Signal: 4;P Files: 1;D Answers: 1","4,1,1","0.059191698699999996","false","999.44764631040323","999.44764631040323","2","No","1","999.44764631040323","0","true"
"Specification-TruthConditionedLatentMeritsModerateRiskAversion__Cost-1__Fee-British","1","18","1","D","8","15","D Offer","D Liability Signal: 4;P Files: 1;D Answers: 1;D Defaults: 1","4,1,1,1","0","true","","","1","0.05","0.10000000000000001","","",""
"Specification-TruthConditionedLatentMeritsModerateRiskAversion__Cost-1__Fee-British","1","18","1","D","8","15","D Offer","D Liability Signal: 4;P Files: 1;D Answers: 1;D Defaults: 1","4,1,1,1","0","true","","","2","0.15","0.10000000000000001","","",""
"Specification-TruthConditionedLatentMeritsModerateRiskAversion__Cost-1__Fee-British","1","18","1","D","8","15","D Offer","D Liability Signal: 4;P Files: 1;D Answers: 1;D Defaults: 1","4,1,1,1","0","true","","","3","0.25","0.10000000000000001","","",""
"Specification-TruthConditionedLatentMeritsModerateRiskAversion__Cost-1__Fee-British","1","18","1","D","8","15","D Offer","D Liability Signal: 4;P Files: 1;D Answers: 1;D Defaults: 1","4,1,1,1","0","true","","","4","0.35","0.10000000000000001","","",""
"Specification-TruthConditionedLatentMeritsModerateRiskAversion__Cost-1__Fee-British","1","18","1","D","8","15","D Offer","D Liability Signal: 4;P Files: 1;D Answers: 1;D Defaults: 1","4,1,1,1","0","true","","","5","0.45","0.10000000000000001","","",""
"Specification-TruthConditionedLatentMeritsModerateRiskAversion__Cost-1__Fee-British","1","18","1","D","8","15","D Offer","D Liability Signal: 4;P Files: 1;D Answers: 1;D Defaults: 1","4,1,1,1","0","true","","","6","0.55","0.10000000000000001","","",""
"Specification-TruthConditionedLatentMeritsModerateRiskAversion__Cost-1__Fee-British","1","18","1","D","8","15","D Offer","D Liability Signal: 4;P Files: 1;D Answers: 1;D Defaults: 1","4,1,1,1","0","true","","","7","0.65","0.10000000000000001","","",""
"Specification-TruthConditionedLatentMeritsModerateRiskAversion__Cost-1__Fee-British","1","18","1","D","8","15","D Offer","D Liability Signal: 4;P Files: 1;D Answers: 1;D Defaults: 1","4,1,1,1","0","true","","","8","0.75","0.10000000000000001","","",""
"Specification-TruthConditionedLatentMeritsModerateRiskAversion__Cost-1__Fee-British","1","18","1","D","8","15","D Offer","D Liability Signal: 4;P Files: 1;D Answers: 1;D Defaults: 1","4,1,1,1","0","true","","","9","0.85","0.10000000000000001","","",""
"Specification-TruthConditionedLatentMeritsModerateRiskAversion__Cost-1__Fee-British","1","18","1","D","8","15","D Offer","D Liability Signal: 4;P Files: 1;D Answers: 1;D Defaults: 1","4,1,1,1","0","true","","","10","0.95","0.10000000000000001","","",""
"Specification-TruthConditionedLatentMeritsModerateRiskAversion__Cost-1__Fee-British","1","19","1","D","8","15","D Offer","D Liability Signal: 4;P Files: 1;D Answers: 1;D Defaults: 2","4,1,1,2","0.059191698700000003","false","999.447646310403","999.44764631040289","1","0.05","0.092994357335463906","999.44764631040289","0","true"
"Specification-TruthConditionedLatentMeritsModerateRiskAversion__Cost-1__Fee-British","1","19","1","D","8","15","D Offer","D Liability Signal: 4;P Files: 1;D Answers: 1;D Defaults: 2","4,1,1,2","0.059191698700000003","false","999.447646310403","999.44764631040289","2","0.15","0.9070056426645362","999.44764631040289","0","true"
"Specification-TruthConditionedLatentMeritsModerateRiskAversion__Cost-1__Fee-British","1","19","1","D","8","15","D Offer","D Liability Signal: 4;P Files: 1;D Answers: 1;D Defaults: 2","4,1,1,2","0.059191698700000003","false","999.447646310403","999.44764631040289","3","0.25","0","999.44764631040289","0","true"
"Specification-TruthConditionedLatentMeritsModerateRiskAversion__Cost-1__Fee-British","1","19","1","D","8","15","D Offer","D Liability Signal: 4;P Files: 1;D Answers: 1;D Defaults: 2","4,1,1,2","0.059191698700000003","false","999.447646310403","999.44764631040289","4","0.35","0","999.44764631040289","0","true"
"Specification-TruthConditionedLatentMeritsModerateRiskAversion__Cost-1__Fee-British","1","19","1","D","8","15","D Offer","D Liability Signal: 4;P Files: 1;D Answers: 1;D Defaults: 2","4,1,1,2","0.059191698700000003","false","999.447646310403","999.44764631040289","5","0.45","0","999.44764631040289","0","true"
"Specification-TruthConditionedLatentMeritsModerateRiskAversion__Cost-1__Fee-British","1","19","1","D","8","15","D Offer","D Liability Signal: 4;P Files: 1;D Answers: 1;D Defaults: 2","4,1,1,2","0.059191698700000003","false","999.447646310403","999.44764631040289","6","0.55","0","999.0302123998041","0.41743391059878832","false"
"Specification-TruthConditionedLatentMeritsModerateRiskAversion__Cost-1__Fee-British","1","19","1","D","8","15","D Offer","D Liability Signal: 4;P Files: 1;D Answers: 1;D Defaults: 2","4,1,1,2","0.059191698700000003","false","999.447646310403","999.44764631040289","7","0.65","0","998.96440778616272","0.48323852424016422","false"
"Specification-TruthConditionedLatentMeritsModerateRiskAversion__Cost-1__Fee-British","1","19","1","D","8","15","D Offer","D Liability Signal: 4;P Files: 1;D Answers: 1;D Defaults: 2","4,1,1,2","0.059191698700000003","false","999.447646310403","999.44764631040289","8","0.75","0","998.97754115095915","0.4701051594437331","false"
"Specification-TruthConditionedLatentMeritsModerateRiskAversion__Cost-1__Fee-British","1","19","1","D","8","15","D Offer","D Liability Signal: 4;P Files: 1;D Answers: 1;D Defaults: 2","4,1,1,2","0.059191698700000003","false","999.447646310403","999.44764631040289","9","0.85","0","998.96016423558297","0.48748207481992267","false"
"Specification-TruthConditionedLatentMeritsModerateRiskAversion__Cost-1__Fee-British","1","19","1","D","8","15","D Offer","D Liability Signal: 4;P Files: 1;D Answers: 1;D Defaults: 2","4,1,1,2","0.059191698700000003","false","999.447646310403","999.44764631040289","10","0.95","0","998.98473923502684","0.46290707537605158","false"
"Specification-TruthConditionedLatentMeritsModerateRiskAversion__Cost-1__Fee-British","1","20","1","D","3","10","D Answers","D Liability Signal: 5;P Files: 1","5,1","0.070276560599999996","false","999.13950955904443","999.13950955904443","1","Yes","1","999.13950955904443","0","true"
"Specification-TruthConditionedLatentMeritsModerateRiskAversion__Cost-1__Fee-British","1","20","1","D","3","10","D Answers","D Liability Signal: 5;P Files: 1","5,1","0.070276560599999996","false","999.13950955904443","999.13950955904443","2","No","0","998.8079901282","0.33151943084442337","false"
"Specification-TruthConditionedLatentMeritsModerateRiskAversion__Cost-1__Fee-British","1","21","1","D","6","21","D Defaults","D Liability Signal: 5;P Files: 1;D Answers: 1","5,1,1","0.070276560599999996","false","999.13950955904443","999.13950955904443","1","Yes","1","999.13950955904443","0","true"
"Specification-TruthConditionedLatentMeritsModerateRiskAversion__Cost-1__Fee-British","1","21","1","D","6","21","D Defaults","D Liability Signal: 5;P Files: 1;D Answers: 1","5,1,1","0.070276560599999996","false","999.13950955904443","999.13950955904443","2","No","0","998.93149000302105","0.2080195560233733","false"
"Specification-TruthConditionedLatentMeritsModerateRiskAversion__Cost-1__Fee-British","1","22","1","D","8","15","D Offer","D Liability Signal: 5;P Files: 1;D Answers: 1;D Defaults: 1","5,1,1,1","0.070276560599999996","false","999.1395095590442","999.1395095590442","1","0.05","0","998.9185790645829","0.22093049446129953","false"
"Specification-TruthConditionedLatentMeritsModerateRiskAversion__Cost-1__Fee-British","1","22","1","D","8","15","D Offer","D Liability Signal: 5;P Files: 1;D Answers: 1;D Defaults: 1","5,1,1,1","0.070276560599999996","false","999.1395095590442","999.1395095590442","2","0.15","0","998.9185790645829","0.22093049446129953","false"
"Specification-TruthConditionedLatentMeritsModerateRiskAversion__Cost-1__Fee-British","1","22","1","D","8","15","D Offer","D Liability Signal: 5;P Files: 1;D Answers: 1;D Defaults: 1","5,1,1,1","0.070276560599999996","false","999.1395095590442","999.1395095590442","3","0.25","0","998.9185790645829","0.22093049446129953","false"
"Specification-TruthConditionedLatentMeritsModerateRiskAversion__Cost-1__Fee-British","1","22","1","D","8","15","D Offer","D Liability Signal: 5;P Files: 1;D Answers: 1;D Defaults: 1","5,1,1,1","0.070276560599999996","false","999.1395095590442","999.1395095590442","4","0.35","0","998.9185790645829","0.22093049446129953","false"
"Specification-TruthConditionedLatentMeritsModerateRiskAversion__Cost-1__Fee-British","1","22","1","D","8","15","D Offer","D Liability Signal: 5;P Files: 1;D Answers: 1;D Defaults: 1","5,1,1,1","0.070276560599999996","false","999.1395095590442","999.1395095590442","5","0.45","0","998.9185790645829","0.22093049446129953","false"
"Specification-TruthConditionedLatentMeritsModerateRiskAversion__Cost-1__Fee-British","1","22","1","D","8","15","D Offer","D Liability Signal: 5;P Files: 1;D Answers: 1;D Defaults: 1","5,1,1,1","0.070276560599999996","false","999.1395095590442","999.1395095590442","6","0.55","1","999.1395095590442","0","true"
"Specification-TruthConditionedLatentMeritsModerateRiskAversion__Cost-1__Fee-British","1","22","1","D","8","15","D Offer","D Liability Signal: 5;P Files: 1;D Answers: 1;D Defaults: 1","5,1,1,1","0.070276560599999996","false","999.1395095590442","999.1395095590442","7","0.65","0","999.08086503081847","0.058644528225727299","false"
"Specification-TruthConditionedLatentMeritsModerateRiskAversion__Cost-1__Fee-British","1","22","1","D","8","15","D Offer","D Liability Signal: 5;P Files: 1;D Answers: 1;D Defaults: 1","5,1,1,1","0.070276560599999996","false","999.1395095590442","999.1395095590442","8","0.75","0","999.06713341214027","0.072376146903934568","false"
"Specification-TruthConditionedLatentMeritsModerateRiskAversion__Cost-1__Fee-British","1","22","1","D","8","15","D Offer","D Liability Signal: 5;P Files: 1;D Answers: 1;D Defaults: 1","5,1,1,1","0.070276560599999996","false","999.1395095590442","999.1395095590442","9","0.85","0","999.01840402119251","0.12110553785169031","false"
"Specification-TruthConditionedLatentMeritsModerateRiskAversion__Cost-1__Fee-British","1","22","1","D","8","15","D Offer","D Liability Signal: 5;P Files: 1;D Answers: 1;D Defaults: 1","5,1,1,1","0.070276560599999996","false","999.1395095590442","999.1395095590442","10","0.95","0","998.943514622507","0.19599493653720401","false"
"Specification-TruthConditionedLatentMeritsModerateRiskAversion__Cost-1__Fee-British","1","23","1","D","8","15","D Offer","D Liability Signal: 5;P Files: 1;D Answers: 1;D Defaults: 2","5,1,1,2","0","true","","","1","0.05","0.10000000000000001","","",""
"Specification-TruthConditionedLatentMeritsModerateRiskAversion__Cost-1__Fee-British","1","23","1","D","8","15","D Offer","D Liability Signal: 5;P Files: 1;D Answers: 1;D Defaults: 2","5,1,1,2","0","true","","","2","0.15","0.10000000000000001","","",""
"Specification-TruthConditionedLatentMeritsModerateRiskAversion__Cost-1__Fee-British","1","23","1","D","8","15","D Offer","D Liability Signal: 5;P Files: 1;D Answers: 1;D Defaults: 2","5,1,1,2","0","true","","","3","0.25","0.10000000000000001","","",""
"Specification-TruthConditionedLatentMeritsModerateRiskAversion__Cost-1__Fee-British","1","23","1","D","8","15","D Offer","D Liability Signal: 5;P Files: 1;D Answers: 1;D Defaults: 2","5,1,1,2","0","true","","","4","0.35","0.10000000000000001","","",""
"Specification-TruthConditionedLatentMeritsModerateRiskAversion__Cost-1__Fee-British","1","23","1","D","8","15","D Offer","D Liability Signal: 5;P Files: 1;D Answers: 1;D Defaults: 2","5,1,1,2","0","true","","","5","0.45","0.10000000000000001","","",""
"Specification-TruthConditionedLatentMeritsModerateRiskAversion__Cost-1__Fee-British","1","23","1","D","8","15","D Offer","D Liability Signal: 5;P Files: 1;D Answers: 1;D Defaults: 2","5,1,1,2","0","true","","","6","0.55","0.10000000000000001","","",""
"Specification-TruthConditionedLatentMeritsModerateRiskAversion__Cost-1__Fee-British","1","23","1","D","8","15","D Offer","D Liability Signal: 5;P Files: 1;D Answers: 1;D Defaults: 2","5,1,1,2","0","true","","","7","0.65","0.10000000000000001","","",""
"Specification-TruthConditionedLatentMeritsModerateRiskAversion__Cost-1__Fee-British","1","23","1","D","8","15","D Offer","D Liability Signal: 5;P Files: 1;D Answers: 1;D Defaults: 2","5,1,1,2","0","true","","","8","0.75","0.10000000000000001","","",""
"Specification-TruthConditionedLatentMeritsModerateRiskAversion__Cost-1__Fee-British","1","23","1","D","8","15","D Offer","D Liability Signal: 5;P Files: 1;D Answers: 1;D Defaults: 2","5,1,1,2","0","true","","","9","0.85","0.10000000000000001","","",""
"Specification-TruthConditionedLatentMeritsModerateRiskAversion__Cost-1__Fee-British","1","23","1","D","8","15","D Offer","D Liability Signal: 5;P Files: 1;D Answers: 1;D Defaults: 2","5,1,1,2","0","true","","","10","0.95","0.10000000000000001","","",""
"Specification-TruthConditionedLatentMeritsModerateRiskAversion__Cost-1__Fee-British","1","24","1","D","3","10","D Answers","D Liability Signal: 6;P Files: 1","6,1","0.0822655947","false","999.02089896758889","999.02089896758889","1","Yes","1","999.02089896758889","0","true"
"Specification-TruthConditionedLatentMeritsModerateRiskAversion__Cost-1__Fee-British","1","24","1","D","3","10","D Answers","D Liability Signal: 6;P Files: 1","6,1","0.0822655947","false","999.02089896758889","999.02089896758889","2","No","0","998.8079901282","0.21290883938888783","false"
"Specification-TruthConditionedLatentMeritsModerateRiskAversion__Cost-1__Fee-British","1","25","1","D","6","21","D Defaults","D Liability Signal: 6;P Files: 1;D Answers: 1","6,1,1","0.0822655947","false","999.02089896758889","999.02089896758889","1","Yes","1","999.02089896758889","0","true"
"Specification-TruthConditionedLatentMeritsModerateRiskAversion__Cost-1__Fee-British","1","25","1","D","6","21","D Defaults","D Liability Signal: 6;P Files: 1;D Answers: 1","6,1,1","0.0822655947","false","999.02089896758889","999.02089896758889","2","No","0","998.56023340229774","0.46066556529115132","false"
"Specification-TruthConditionedLatentMeritsModerateRiskAversion__Cost-1__Fee-British","1","26","1","D","8","15","D Offer","D Liability Signal: 6;P Files: 1;D Answers: 1;D Defaults: 1","6,1,1,1","0.082265594699999986","false","999.02089896758901","999.02089896758901","1","0.05","0","998.83216593357872","0.18873303401028352","false"
"Specification-TruthConditionedLatentMeritsModerateRiskAversion__Cost-1__Fee-British","1","26","1","D","8","15","D Offer","D Liability Signal: 6;P Files: 1;D Answers: 1;D Defaults: 1","6,1,1,1","0.082265594699999986","false","999.02089896758901","999.02089896758901","2","0.15","0","998.83216593357872","0.18873303401028352","false"
"Specification-TruthConditionedLatentMeritsModerateRiskAversion__Cost-1__Fee-British","1","26","1","D","8","15","D Offer","D Liability Signal: 6;P Files: 1;D Answers: 1;D Defaults: 1","6,1,1,1","0.082265594699999986","false","999.02089896758901","999.02089896758901","3","0.25","0","998.83216593357872","0.18873303401028352","false"
"Specification-TruthConditionedLatentMeritsModerateRiskAversion__Cost-1__Fee-British","1","26","1","D","8","15","D Offer","D Liability Signal: 6;P Files: 1;D Answers: 1;D Defaults: 1","6,1,1,1","0.082265594699999986","false","999.02089896758901","999.02089896758901","4","0.35","0","998.83216593357872","0.18873303401028352","false"
"Specification-TruthConditionedLatentMeritsModerateRiskAversion__Cost-1__Fee-British","1","26","1","D","8","15","D Offer","D Liability Signal: 6;P Files: 1;D Answers: 1;D Defaults: 1","6,1,1,1","0.082265594699999986","false","999.02089896758901","999.02089896758901","5","0.45","0","998.83216593357872","0.18873303401028352","false"
"Specification-TruthConditionedLatentMeritsModerateRiskAversion__Cost-1__Fee-British","1","26","1","D","8","15","D Offer","D Liability Signal: 6;P Files: 1;D Answers: 1;D Defaults: 1","6,1,1,1","0.082265594699999986","false","999.02089896758901","999.02089896758901","6","0.55","1","999.02089896758901","0","true"
"Specification-TruthConditionedLatentMeritsModerateRiskAversion__Cost-1__Fee-British","1","26","1","D","8","15","D Offer","D Liability Signal: 6;P Files: 1;D Answers: 1;D Defaults: 1","6,1,1,1","0.082265594699999986","false","999.02089896758901","999.02089896758901","7","0.65","0","998.97080104078555","0.050097926803459814","false"
"Specification-TruthConditionedLatentMeritsModerateRiskAversion__Cost-1__Fee-British","1","26","1","D","8","15","D Offer","D Liability Signal: 6;P Files: 1;D Answers: 1;D Defaults: 1","6,1,1,1","0.082265594699999986","false","999.02089896758901","999.02089896758901","8","0.75","0","998.98006638595461","0.040832581634390408","false"
"Specification-TruthConditionedLatentMeritsModerateRiskAversion__Cost-1__Fee-British","1","26","1","D","8","15","D Offer","D Liability Signal: 6;P Files: 1;D Answers: 1;D Defaults: 1","6,1,1,1","0.082265594699999986","false","999.02089896758901","999.02089896758901","9","0.85","0","998.9490327322261","0.071866235362904263","false"
"Specification-TruthConditionedLatentMeritsModerateRiskAversion__Cost-1__Fee-British","1","26","1","D","8","15","D Offer","D Liability Signal: 6;P Files: 1;D Answers: 1;D Defaults: 1","6,1,1,1","0.082265594699999986","false","999.02089896758901","999.02089896758901","10","0.95","0","998.89268233660357","0.12821663098543468","false"
"Specification-TruthConditionedLatentMeritsModerateRiskAversion__Cost-1__Fee-British","1","27","1","D","8","15","D Offer","D Liability Signal: 6;P Files: 1;D Answers: 1;D Defaults: 2","6,1,1,2","0","true","","","1","0.05","0.10000000000000001","","",""
"Specification-TruthConditionedLatentMeritsModerateRiskAversion__Cost-1__Fee-British","1","27","1","D","8","15","D Offer","D Liability Signal: 6;P Files: 1;D Answers: 1;D Defaults: 2","6,1,1,2","0","true","","","2","0.15","0.10000000000000001","","",""
"Specification-TruthConditionedLatentMeritsModerateRiskAversion__Cost-1__Fee-British","1","27","1","D","8","15","D Offer","D Liability Signal: 6;P Files: 1;D Answers: 1;D Defaults: 2","6,1,1,2","0","true","","","3","0.25","0.10000000000000001","","",""
"Specification-TruthConditionedLatentMeritsModerateRiskAversion__Cost-1__Fee-British","1","27","1","D","8","15","D Offer","D Liability Signal: 6;P Files: 1;D Answers: 1;D Defaults: 2","6,1,1,2","0","true","","","4","0.35","0.10000000000000001","","",""
"Specification-TruthConditionedLatentMeritsModerateRiskAversion__Cost-1__Fee-British","1","27","1","D","8","15","D Offer","D Liability Signal: 6;P Files: 1;D Answers: 1;D Defaults: 2","6,1,1,2","0","true","","","5","0.45","0.10000000000000001","","",""
"Specification-TruthConditionedLatentMeritsModerateRiskAversion__Cost-1__Fee-British","1","27","1","D","8","15","D Offer","D Liability Signal: 6;P Files: 1;D Answers: 1;D Defaults: 2","6,1,1,2","0","true","","","6","0.55","0.10000000000000001","","",""
"Specification-TruthConditionedLatentMeritsModerateRiskAversion__Cost-1__Fee-British","1","27","1","D","8","15","D Offer","D Liability Signal: 6;P Files: 1;D Answers: 1;D Defaults: 2","6,1,1,2","0","true","","","7","0.65","0.10000000000000001","","",""
"Specification-TruthConditionedLatentMeritsModerateRiskAversion__Cost-1__Fee-British","1","27","1","D","8","15","D Offer","D Liability Signal: 6;P Files: 1;D Answers: 1;D Defaults: 2","6,1,1,2","0","true","","","8","0.75","0.10000000000000001","","",""
"Specification-TruthConditionedLatentMeritsModerateRiskAversion__Cost-1__Fee-British","1","27","1","D","8","15","D Offer","D Liability Signal: 6;P Files: 1;D Answers: 1;D Defaults: 2","6,1,1,2","0","true","","","9","0.85","0.10000000000000001","","",""
"Specification-TruthConditionedLatentMeritsModerateRiskAversion__Cost-1__Fee-British","1","27","1","D","8","15","D Offer","D Liability Signal: 6;P Files: 1;D Answers: 1;D Defaults: 2","6,1,1,2","0","true","","","10","0.95","0.10000000000000001","","",""
"Specification-TruthConditionedLatentMeritsModerateRiskAversion__Cost-1__Fee-British","1","28","1","D","3","10","D Answers","D Liability Signal: 7;P Files: 1","7,1","0.0939631519","false","998.90092858139872","998.90092858139872","1","Yes","1","998.90092858139872","0","true"
"Specification-TruthConditionedLatentMeritsModerateRiskAversion__Cost-1__Fee-British","1","28","1","D","3","10","D Answers","D Liability Signal: 7;P Files: 1","7,1","0.0939631519","false","998.90092858139872","998.90092858139872","2","No","0","998.80799012820012","0.092938453198598836","false"
"Specification-TruthConditionedLatentMeritsModerateRiskAversion__Cost-1__Fee-British","1","29","1","D","6","21","D Defaults","D Liability Signal: 7;P Files: 1;D Answers: 1","7,1,1","0.0939631519","false","998.90092858139872","998.90092858139872","1","Yes","1","998.90092858139872","0","true"
"Specification-TruthConditionedLatentMeritsModerateRiskAversion__Cost-1__Fee-British","1","29","1","D","6","21","D Defaults","D Liability Signal: 7;P Files: 1;D Answers: 1","7,1,1","0.0939631519","false","998.90092858139872","998.90092858139872","2","No","0","998.15827148982169","0.74265709157702986","false"
"Specification-TruthConditionedLatentMeritsModerateRiskAversion__Cost-1__Fee-British","1","30","1","D","8","15","D Offer","D Liability Signal: 7;P Files: 1;D Answers: 1;D Defaults: 1","7,1,1,1","0.093963151899999986","false","998.90092858139883","998.90092858139883","1","0.05","0","998.74476213117543","0.15616645022339526","false"
"Specification-TruthConditionedLatentMeritsModerateRiskAversion__Cost-1__Fee-British","1","30","1","D","8","15","D Offer","D Liability Signal: 7;P Files: 1;D Answers: 1;D Defaults: 1","7,1,1,1","0.093963151899999986","false","998.90092858139883","998.90092858139883","2","0.15","0","998.74476213117543","0.15616645022339526","false"
"Specification-TruthConditionedLatentMeritsModerateRiskAversion__Cost-1__Fee-British","1","30","1","D","8","15","D Offer","D Liability Signal: 7;P Files: 1;D Answers: 1;D Defaults: 1","7,1,1,1","0.093963151899999986","false","998.90092858139883","998.90092858139883","3","0.25","0","998.74476213117543","0.15616645022339526","false"
"Specification-TruthConditionedLatentMeritsModerateRiskAversion__Cost-1__Fee-British","1","30","1","D","8","15","D Offer","D Liability Signal: 7;P Files: 1;D Answers: 1;D Defaults: 1","7,1,1,1","0.093963151899999986","false","998.90092858139883","998.90092858139883","4","0.35","0","998.74476213117543","0.15616645022339526","false"
"Specification-TruthConditionedLatentMeritsModerateRiskAversion__Cost-1__Fee-British","1","30","1","D","8","15","D Offer","D Liability Signal: 7;P Files: 1;D Answers: 1;D Defaults: 1","7,1,1,1","0.093963151899999986","false","998.90092858139883","998.90092858139883","5","0.45","0","998.74476213117543","0.15616645022339526","false"
"Specification-TruthConditionedLatentMeritsModerateRiskAversion__Cost-1__Fee-British","1","30","1","D","8","15","D Offer","D Liability Signal: 7;P Files: 1;D Answers: 1;D Defaults: 1","7,1,1,1","0.093963151899999986","false","998.90092858139883","998.90092858139883","6","0.55","1","998.90092858139883","0","true"
"Specification-TruthConditionedLatentMeritsModerateRiskAversion__Cost-1__Fee-British","1","30","1","D","8","15","D Offer","D Liability Signal: 7;P Files: 1;D Answers: 1;D Defaults: 1","7,1,1,1","0.093963151899999986","false","998.90092858139883","998.90092858139883","7","0.65","0","998.85947523734853","0.041453344050296437","false"
"Specification-TruthConditionedLatentMeritsModerateRiskAversion__Cost-1__Fee-British","1","30","1","D","8","15","D Offer","D Liability Signal: 7;P Files: 1;D Answers: 1;D Defaults: 1","7,1,1,1","0.093963151899999986","false","998.90092858139883","998.90092858139883","8","0.75","0","998.88918396249767","0.01174461890116163","false"
"Specification-TruthConditionedLatentMeritsModerateRiskAversion__Cost-1__Fee-British","1","30","1","D","8","15","D Offer","D Liability Signal: 7;P Files: 1;D Answers: 1;D Defaults: 1","7,1,1,1","0.093963151899999986","false","998.90092858139883","998.90092858139883","9","0.85","0","998.87517126626005","0.025757315138775994","false"
"Specification-TruthConditionedLatentMeritsModerateRiskAversion__Cost-1__Fee-British","1","30","1","D","8","15","D Offer","D Liability Signal: 7;P Files: 1;D Answers: 1;D Defaults: 1","7,1,1,1","0.093963151899999986","false","998.90092858139883","998.90092858139883","10","0.95","0","998.83964965345569","0.061278927943135386","false"
"Specification-TruthConditionedLatentMeritsModerateRiskAversion__Cost-1__Fee-British","1","31","1","D","8","15","D Offer","D Liability Signal: 7;P Files: 1;D Answers: 1;D Defaults: 2","7,1,1,2","0","true","","","1","0.05","0.10000000000000001","","",""
"Specification-TruthConditionedLatentMeritsModerateRiskAversion__Cost-1__Fee-British","1","31","1","D","8","15","D Offer","D Liability Signal: 7;P Files: 1;D Answers: 1;D Defaults: 2","7,1,1,2","0","true","","","2","0.15","0.10000000000000001","","",""
"Specification-TruthConditionedLatentMeritsModerateRiskAversion__Cost-1__Fee-British","1","31","1","D","8","15","D Offer","D Liability Signal: 7;P Files: 1;D Answers: 1;D Defaults: 2","7,1,1,2","0","true","","","3","0.25","0.10000000000000001","","",""
"Specification-TruthConditionedLatentMeritsModerateRiskAversion__Cost-1__Fee-British","1","31","1","D","8","15","D Offer","D Liability Signal: 7;P Files: 1;D Answers: 1;D Defaults: 2","7,1,1,2","0","true","","","4","0.35","0.10000000000000001","","",""
"Specification-TruthConditionedLatentMeritsModerateRiskAversion__Cost-1__Fee-British","1","31","1","D","8","15","D Offer","D Liability Signal: 7;P Files: 1;D Answers: 1;D Defaults: 2","7,1,1,2","0","true","","","5","0.45","0.10000000000000001","","",""
"Specification-TruthConditionedLatentMeritsModerateRiskAversion__Cost-1__Fee-British","1","31","1","D","8","15","D Offer","D Liability Signal: 7;P Files: 1;D Answers: 1;D Defaults: 2","7,1,1,2","0","true","","","6","0.55","0.10000000000000001","","",""
"Specification-TruthConditionedLatentMeritsModerateRiskAversion__Cost-1__Fee-British","1","31","1","D","8","15","D Offer","D Liability Signal: 7;P Files: 1;D Answers: 1;D Defaults: 2","7,1,1,2","0","true","","","7","0.65","0.10000000000000001","","",""
"Specification-TruthConditionedLatentMeritsModerateRiskAversion__Cost-1__Fee-British","1","31","1","D","8","15","D Offer","D Liability Signal: 7;P Files: 1;D Answers: 1;D Defaults: 2","7,1,1,2","0","true","","","8","0.75","0.10000000000000001","","",""
"Specification-TruthConditionedLatentMeritsModerateRiskAversion__Cost-1__Fee-British","1","31","1","D","8","15","D Offer","D Liability Signal: 7;P Files: 1;D Answers: 1;D Defaults: 2","7,1,1,2","0","true","","","9","0.85","0.10000000000000001","","",""
"Specification-TruthConditionedLatentMeritsModerateRiskAversion__Cost-1__Fee-British","1","31","1","D","8","15","D Offer","D Liability Signal: 7;P Files: 1;D Answers: 1;D Defaults: 2","7,1,1,2","0","true","","","10","0.95","0.10000000000000001","","",""
"Specification-TruthConditionedLatentMeritsModerateRiskAversion__Cost-1__Fee-British","1","32","1","D","3","10","D Answers","D Liability Signal: 8;P Files: 1","8,1","0.10150187290000001","false","998.80799012819989","998.80799012819989","1","Yes","0","998.26139627959458","0.5465938486053119","false"
"Specification-TruthConditionedLatentMeritsModerateRiskAversion__Cost-1__Fee-British","1","32","1","D","3","10","D Answers","D Liability Signal: 8;P Files: 1","8,1","0.10150187290000001","false","998.80799012819989","998.80799012819989","2","No","1","998.80799012819989","0","true"
"Specification-TruthConditionedLatentMeritsModerateRiskAversion__Cost-1__Fee-British","1","33","1","D","6","21","D Defaults","D Liability Signal: 8;P Files: 1;D Answers: 1","8,1,1","0","true","","","1","Yes","0.5","","",""
"Specification-TruthConditionedLatentMeritsModerateRiskAversion__Cost-1__Fee-British","1","33","1","D","6","21","D Defaults","D Liability Signal: 8;P Files: 1;D Answers: 1","8,1,1","0","true","","","2","No","0.5","","",""
"Specification-TruthConditionedLatentMeritsModerateRiskAversion__Cost-1__Fee-British","1","34","1","D","8","15","D Offer","D Liability Signal: 8;P Files: 1;D Answers: 1;D Defaults: 1","8,1,1,1","0","true","","","1","0.05","0.10000000000000001","","",""
"Specification-TruthConditionedLatentMeritsModerateRiskAversion__Cost-1__Fee-British","1","34","1","D","8","15","D Offer","D Liability Signal: 8;P Files: 1;D Answers: 1;D Defaults: 1","8,1,1,1","0","true","","","2","0.15","0.10000000000000001","","",""
"Specification-TruthConditionedLatentMeritsModerateRiskAversion__Cost-1__Fee-British","1","34","1","D","8","15","D Offer","D Liability Signal: 8;P Files: 1;D Answers: 1;D Defaults: 1","8,1,1,1","0","true","","","3","0.25","0.10000000000000001","","",""
"Specification-TruthConditionedLatentMeritsModerateRiskAversion__Cost-1__Fee-British","1","34","1","D","8","15","D Offer","D Liability Signal: 8;P Files: 1;D Answers: 1;D Defaults: 1","8,1,1,1","0","true","","","4","0.35","0.10000000000000001","","",""
"Specification-TruthConditionedLatentMeritsModerateRiskAversion__Cost-1__Fee-British","1","34","1","D","8","15","D Offer","D Liability Signal: 8;P Files: 1;D Answers: 1;D Defaults: 1","8,1,1,1","0","true","","","5","0.45","0.10000000000000001","","",""
"Specification-TruthConditionedLatentMeritsModerateRiskAversion__Cost-1__Fee-British","1","34","1","D","8","15","D Offer","D Liability Signal: 8;P Files: 1;D Answers: 1;D Defaults: 1","8,1,1,1","0","true","","","6","0.55","0.10000000000000001","","",""
"Specification-TruthConditionedLatentMeritsModerateRiskAversion__Cost-1__Fee-British","1","34","1","D","8","15","D Offer","D Liability Signal: 8;P Files: 1;D Answers: 1;D Defaults: 1","8,1,1,1","0","true","","","7","0.65","0.10000000000000001","","",""
"Specification-TruthConditionedLatentMeritsModerateRiskAversion__Cost-1__Fee-British","1","34","1","D","8","15","D Offer","D Liability Signal: 8;P Files: 1;D Answers: 1;D Defaults: 1","8,1,1,1","0","true","","","8","0.75","0.10000000000000001","","",""
"Specification-TruthConditionedLatentMeritsModerateRiskAversion__Cost-1__Fee-British","1","34","1","D","8","15","D Offer","D Liability Signal: 8;P Files: 1;D Answers: 1;D Defaults: 1","8,1,1,1","0","true","","","9","0.85","0.10000000000000001","","",""
"Specification-TruthConditionedLatentMeritsModerateRiskAversion__Cost-1__Fee-British","1","34","1","D","8","15","D Offer","D Liability Signal: 8;P Files: 1;D Answers: 1;D Defaults: 1","8,1,1,1","0","true","","","10","0.95","0.10000000000000001","","",""
"Specification-TruthConditionedLatentMeritsModerateRiskAversion__Cost-1__Fee-British","1","35","1","D","8","15","D Offer","D Liability Signal: 8;P Files: 1;D Answers: 1;D Defaults: 2","8,1,1,2","0","true","","","1","0.05","0.10000000000000001","","",""
"Specification-TruthConditionedLatentMeritsModerateRiskAversion__Cost-1__Fee-British","1","35","1","D","8","15","D Offer","D Liability Signal: 8;P Files: 1;D Answers: 1;D Defaults: 2","8,1,1,2","0","true","","","2","0.15","0.10000000000000001","","",""
"Specification-TruthConditionedLatentMeritsModerateRiskAversion__Cost-1__Fee-British","1","35","1","D","8","15","D Offer","D Liability Signal: 8;P Files: 1;D Answers: 1;D Defaults: 2","8,1,1,2","0","true","","","3","0.25","0.10000000000000001","","",""
"Specification-TruthConditionedLatentMeritsModerateRiskAversion__Cost-1__Fee-British","1","35","1","D","8","15","D Offer","D Liability Signal: 8;P Files: 1;D Answers: 1;D Defaults: 2","8,1,1,2","0","true","","","4","0.35","0.10000000000000001","","",""
"Specification-TruthConditionedLatentMeritsModerateRiskAversion__Cost-1__Fee-British","1","35","1","D","8","15","D Offer","D Liability Signal: 8;P Files: 1;D Answers: 1;D Defaults: 2","8,1,1,2","0","true","","","5","0.45","0.10000000000000001","","",""
"Specification-TruthConditionedLatentMeritsModerateRiskAversion__Cost-1__Fee-British","1","35","1","D","8","15","D Offer","D Liability Signal: 8;P Files: 1;D Answers: 1;D Defaults: 2","8,1,1,2","0","true","","","6","0.55","0.10000000000000001","","",""
"Specification-TruthConditionedLatentMeritsModerateRiskAversion__Cost-1__Fee-British","1","35","1","D","8","15","D Offer","D Liability Signal: 8;P Files: 1;D Answers: 1;D Defaults: 2","8,1,1,2","0","true","","","7","0.65","0.10000000000000001","","",""
"Specification-TruthConditionedLatentMeritsModerateRiskAversion__Cost-1__Fee-British","1","35","1","D","8","15","D Offer","D Liability Signal: 8;P Files: 1;D Answers: 1;D Defaults: 2","8,1,1,2","0","true","","","8","0.75","0.10000000000000001","","",""
"Specification-TruthConditionedLatentMeritsModerateRiskAversion__Cost-1__Fee-British","1","35","1","D","8","15","D Offer","D Liability Signal: 8;P Files: 1;D Answers: 1;D Defaults: 2","8,1,1,2","0","true","","","9","0.85","0.10000000000000001","","",""
"Specification-TruthConditionedLatentMeritsModerateRiskAversion__Cost-1__Fee-British","1","35","1","D","8","15","D Offer","D Liability Signal: 8;P Files: 1;D Answers: 1;D Defaults: 2","8,1,1,2","0","true","","","10","0.95","0.10000000000000001","","",""
"Specification-TruthConditionedLatentMeritsModerateRiskAversion__Cost-1__Fee-British","1","36","1","D","3","10","D Answers","D Liability Signal: 9;P Files: 1","9,1","0.099518206499999998","false","998.8079901282","998.8079901282","1","Yes","0","998.08426540957817","0.72372471862183829","false"
"Specification-TruthConditionedLatentMeritsModerateRiskAversion__Cost-1__Fee-British","1","36","1","D","3","10","D Answers","D Liability Signal: 9;P Files: 1","9,1","0.099518206499999998","false","998.8079901282","998.8079901282","2","No","1","998.8079901282","0","true"
"Specification-TruthConditionedLatentMeritsModerateRiskAversion__Cost-1__Fee-British","1","37","1","D","6","21","D Defaults","D Liability Signal: 9;P Files: 1;D Answers: 1","9,1,1","0","true","","","1","Yes","0.5","","",""
"Specification-TruthConditionedLatentMeritsModerateRiskAversion__Cost-1__Fee-British","1","37","1","D","6","21","D Defaults","D Liability Signal: 9;P Files: 1;D Answers: 1","9,1,1","0","true","","","2","No","0.5","","",""
"Specification-TruthConditionedLatentMeritsModerateRiskAversion__Cost-1__Fee-British","1","38","1","D","8","15","D Offer","D Liability Signal: 9;P Files: 1;D Answers: 1;D Defaults: 1","9,1,1,1","0","true","","","1","0.05","0.10000000000000001","","",""
"Specification-TruthConditionedLatentMeritsModerateRiskAversion__Cost-1__Fee-British","1","38","1","D","8","15","D Offer","D Liability Signal: 9;P Files: 1;D Answers: 1;D Defaults: 1","9,1,1,1","0","true","","","2","0.15","0.10000000000000001","","",""
"Specification-TruthConditionedLatentMeritsModerateRiskAversion__Cost-1__Fee-British","1","38","1","D","8","15","D Offer","D Liability Signal: 9;P Files: 1;D Answers: 1;D Defaults: 1","9,1,1,1","0","true","","","3","0.25","0.10000000000000001","","",""
"Specification-TruthConditionedLatentMeritsModerateRiskAversion__Cost-1__Fee-British","1","38","1","D","8","15","D Offer","D Liability Signal: 9;P Files: 1;D Answers: 1;D Defaults: 1","9,1,1,1","0","true","","","4","0.35","0.10000000000000001","","",""
"Specification-TruthConditionedLatentMeritsModerateRiskAversion__Cost-1__Fee-British","1","38","1","D","8","15","D Offer","D Liability Signal: 9;P Files: 1;D Answers: 1;D Defaults: 1","9,1,1,1","0","true","","","5","0.45","0.10000000000000001","","",""
"Specification-TruthConditionedLatentMeritsModerateRiskAversion__Cost-1__Fee-British","1","38","1","D","8","15","D Offer","D Liability Signal: 9;P Files: 1;D Answers: 1;D Defaults: 1","9,1,1,1","0","true","","","6","0.55","0.10000000000000001","","",""
"Specification-TruthConditionedLatentMeritsModerateRiskAversion__Cost-1__Fee-British","1","38","1","D","8","15","D Offer","D Liability Signal: 9;P Files: 1;D Answers: 1;D Defaults: 1","9,1,1,1","0","true","","","7","0.65","0.10000000000000001","","",""
"Specification-TruthConditionedLatentMeritsModerateRiskAversion__Cost-1__Fee-British","1","38","1","D","8","15","D Offer","D Liability Signal: 9;P Files: 1;D Answers: 1;D Defaults: 1","9,1,1,1","0","true","","","8","0.75","0.10000000000000001","","",""
"Specification-TruthConditionedLatentMeritsModerateRiskAversion__Cost-1__Fee-British","1","38","1","D","8","15","D Offer","D Liability Signal: 9;P Files: 1;D Answers: 1;D Defaults: 1","9,1,1,1","0","true","","","9","0.85","0.10000000000000001","","",""
"Specification-TruthConditionedLatentMeritsModerateRiskAversion__Cost-1__Fee-British","1","38","1","D","8","15","D Offer","D Liability Signal: 9;P Files: 1;D Answers: 1;D Defaults: 1","9,1,1,1","0","true","","","10","0.95","0.10000000000000001","","",""
"Specification-TruthConditionedLatentMeritsModerateRiskAversion__Cost-1__Fee-British","1","39","1","D","8","15","D Offer","D Liability Signal: 9;P Files: 1;D Answers: 1;D Defaults: 2","9,1,1,2","0","true","","","1","0.05","0.10000000000000001","","",""
"Specification-TruthConditionedLatentMeritsModerateRiskAversion__Cost-1__Fee-British","1","39","1","D","8","15","D Offer","D Liability Signal: 9;P Files: 1;D Answers: 1;D Defaults: 2","9,1,1,2","0","true","","","2","0.15","0.10000000000000001","","",""
"Specification-TruthConditionedLatentMeritsModerateRiskAversion__Cost-1__Fee-British","1","39","1","D","8","15","D Offer","D Liability Signal: 9;P Files: 1;D Answers: 1;D Defaults: 2","9,1,1,2","0","true","","","3","0.25","0.10000000000000001","","",""
"Specification-TruthConditionedLatentMeritsModerateRiskAversion__Cost-1__Fee-British","1","39","1","D","8","15","D Offer","D Liability Signal: 9;P Files: 1;D Answers: 1;D Defaults: 2","9,1,1,2","0","true","","","4","0.35","0.10000000000000001","","",""
"Specification-TruthConditionedLatentMeritsModerateRiskAversion__Cost-1__Fee-British","1","39","1","D","8","15","D Offer","D Liability Signal: 9;P Files: 1;D Answers: 1;D Defaults: 2","9,1,1,2","0","true","","","5","0.45","0.10000000000000001","","",""
"Specification-TruthConditionedLatentMeritsModerateRiskAversion__Cost-1__Fee-British","1","39","1","D","8","15","D Offer","D Liability Signal: 9;P Files: 1;D Answers: 1;D Defaults: 2","9,1,1,2","0","true","","","6","0.55","0.10000000000000001","","",""
"Specification-TruthConditionedLatentMeritsModerateRiskAversion__Cost-1__Fee-British","1","39","1","D","8","15","D Offer","D Liability Signal: 9;P Files: 1;D Answers: 1;D Defaults: 2","9,1,1,2","0","true","","","7","0.65","0.10000000000000001","","",""
"Specification-TruthConditionedLatentMeritsModerateRiskAversion__Cost-1__Fee-British","1","39","1","D","8","15","D Offer","D Liability Signal: 9;P Files: 1;D Answers: 1;D Defaults: 2","9,1,1,2","0","true","","","8","0.75","0.10000000000000001","","",""
"Specification-TruthConditionedLatentMeritsModerateRiskAversion__Cost-1__Fee-British","1","39","1","D","8","15","D Offer","D Liability Signal: 9;P Files: 1;D Answers: 1;D Defaults: 2","9,1,1,2","0","true","","","9","0.85","0.10000000000000001","","",""
"Specification-TruthConditionedLatentMeritsModerateRiskAversion__Cost-1__Fee-British","1","39","1","D","8","15","D Offer","D Liability Signal: 9;P Files: 1;D Answers: 1;D Defaults: 2","9,1,1,2","0","true","","","10","0.95","0.10000000000000001","","",""
"Specification-TruthConditionedLatentMeritsModerateRiskAversion__Cost-1__Fee-British","1","40","1","D","3","10","D Answers","D Liability Signal: 10;P Files: 1","10,1","0.085145969899999993","false","998.80799012820012","998.80799012820012","1","Yes","0","997.95401516434322","0.85397496385689919","false"
"Specification-TruthConditionedLatentMeritsModerateRiskAversion__Cost-1__Fee-British","1","40","1","D","3","10","D Answers","D Liability Signal: 10;P Files: 1","10,1","0.085145969899999993","false","998.80799012820012","998.80799012820012","2","No","1","998.80799012820012","0","true"
"Specification-TruthConditionedLatentMeritsModerateRiskAversion__Cost-1__Fee-British","1","41","1","D","6","21","D Defaults","D Liability Signal: 10;P Files: 1;D Answers: 1","10,1,1","0","true","","","1","Yes","0.5","","",""
"Specification-TruthConditionedLatentMeritsModerateRiskAversion__Cost-1__Fee-British","1","41","1","D","6","21","D Defaults","D Liability Signal: 10;P Files: 1;D Answers: 1","10,1,1","0","true","","","2","No","0.5","","",""
"Specification-TruthConditionedLatentMeritsModerateRiskAversion__Cost-1__Fee-British","1","42","1","D","8","15","D Offer","D Liability Signal: 10;P Files: 1;D Answers: 1;D Defaults: 1","10,1,1,1","0","true","","","1","0.05","0.10000000000000001","","",""
"Specification-TruthConditionedLatentMeritsModerateRiskAversion__Cost-1__Fee-British","1","42","1","D","8","15","D Offer","D Liability Signal: 10;P Files: 1;D Answers: 1;D Defaults: 1","10,1,1,1","0","true","","","2","0.15","0.10000000000000001","","",""
"Specification-TruthConditionedLatentMeritsModerateRiskAversion__Cost-1__Fee-British","1","42","1","D","8","15","D Offer","D Liability Signal: 10;P Files: 1;D Answers: 1;D Defaults: 1","10,1,1,1","0","true","","","3","0.25","0.10000000000000001","","",""
"Specification-TruthConditionedLatentMeritsModerateRiskAversion__Cost-1__Fee-British","1","42","1","D","8","15","D Offer","D Liability Signal: 10;P Files: 1;D Answers: 1;D Defaults: 1","10,1,1,1","0","true","","","4","0.35","0.10000000000000001","","",""
"Specification-TruthConditionedLatentMeritsModerateRiskAversion__Cost-1__Fee-British","1","42","1","D","8","15","D Offer","D Liability Signal: 10;P Files: 1;D Answers: 1;D Defaults: 1","10,1,1,1","0","true","","","5","0.45","0.10000000000000001","","",""
"Specification-TruthConditionedLatentMeritsModerateRiskAversion__Cost-1__Fee-British","1","42","1","D","8","15","D Offer","D Liability Signal: 10;P Files: 1;D Answers: 1;D Defaults: 1","10,1,1,1","0","true","","","6","0.55","0.10000000000000001","","",""
"Specification-TruthConditionedLatentMeritsModerateRiskAversion__Cost-1__Fee-British","1","42","1","D","8","15","D Offer","D Liability Signal: 10;P Files: 1;D Answers: 1;D Defaults: 1","10,1,1,1","0","true","","","7","0.65","0.10000000000000001","","",""
"Specification-TruthConditionedLatentMeritsModerateRiskAversion__Cost-1__Fee-British","1","42","1","D","8","15","D Offer","D Liability Signal: 10;P Files: 1;D Answers: 1;D Defaults: 1","10,1,1,1","0","true","","","8","0.75","0.10000000000000001","","",""
"Specification-TruthConditionedLatentMeritsModerateRiskAversion__Cost-1__Fee-British","1","42","1","D","8","15","D Offer","D Liability Signal: 10;P Files: 1;D Answers: 1;D Defaults: 1","10,1,1,1","0","true","","","9","0.85","0.10000000000000001","","",""
"Specification-TruthConditionedLatentMeritsModerateRiskAversion__Cost-1__Fee-British","1","42","1","D","8","15","D Offer","D Liability Signal: 10;P Files: 1;D Answers: 1;D Defaults: 1","10,1,1,1","0","true","","","10","0.95","0.10000000000000001","","",""
"Specification-TruthConditionedLatentMeritsModerateRiskAversion__Cost-1__Fee-British","1","43","1","D","8","15","D Offer","D Liability Signal: 10;P Files: 1;D Answers: 1;D Defaults: 2","10,1,1,2","0","true","","","1","0.05","0.10000000000000001","","",""
"Specification-TruthConditionedLatentMeritsModerateRiskAversion__Cost-1__Fee-British","1","43","1","D","8","15","D Offer","D Liability Signal: 10;P Files: 1;D Answers: 1;D Defaults: 2","10,1,1,2","0","true","","","2","0.15","0.10000000000000001","","",""
"Specification-TruthConditionedLatentMeritsModerateRiskAversion__Cost-1__Fee-British","1","43","1","D","8","15","D Offer","D Liability Signal: 10;P Files: 1;D Answers: 1;D Defaults: 2","10,1,1,2","0","true","","","3","0.25","0.10000000000000001","","",""
"Specification-TruthConditionedLatentMeritsModerateRiskAversion__Cost-1__Fee-British","1","43","1","D","8","15","D Offer","D Liability Signal: 10;P Files: 1;D Answers: 1;D Defaults: 2","10,1,1,2","0","true","","","4","0.35","0.10000000000000001","","",""
"Specification-TruthConditionedLatentMeritsModerateRiskAversion__Cost-1__Fee-British","1","43","1","D","8","15","D Offer","D Liability Signal: 10;P Files: 1;D Answers: 1;D Defaults: 2","10,1,1,2","0","true","","","5","0.45","0.10000000000000001","","",""
"Specification-TruthConditionedLatentMeritsModerateRiskAversion__Cost-1__Fee-British","1","43","1","D","8","15","D Offer","D Liability Signal: 10;P Files: 1;D Answers: 1;D Defaults: 2","10,1,1,2","0","true","","","6","0.55","0.10000000000000001","","",""
"Specification-TruthConditionedLatentMeritsModerateRiskAversion__Cost-1__Fee-British","1","43","1","D","8","15","D Offer","D Liability Signal: 10;P Files: 1;D Answers: 1;D Defaults: 2","10,1,1,2","0","true","","","7","0.65","0.10000000000000001","","",""
"Specification-TruthConditionedLatentMeritsModerateRiskAversion__Cost-1__Fee-British","1","43","1","D","8","15","D Offer","D Liability Signal: 10;P Files: 1;D Answers: 1;D Defaults: 2","10,1,1,2","0","true","","","8","0.75","0.10000000000000001","","",""
"Specification-TruthConditionedLatentMeritsModerateRiskAversion__Cost-1__Fee-British","1","43","1","D","8","15","D Offer","D Liability Signal: 10;P Files: 1;D Answers: 1;D Defaults: 2","10,1,1,2","0","true","","","9","0.85","0.10000000000000001","","",""
"Specification-TruthConditionedLatentMeritsModerateRiskAversion__Cost-1__Fee-British","1","43","1","D","8","15","D Offer","D Liability Signal: 10;P Files: 1;D Answers: 1;D Defaults: 2","10,1,1,2","0","true","","","10","0.95","0.10000000000000001","","",""
