"OptionSet","Exploit","Seconds","Filter","All","NoDispute","DisputeArises","LitigQuality","PFiles","DAnswers","PBargains1","DBargains1","POffer1","DOffer1","POfferMixedness1","DOfferMixedness1","Settles1","PBet1","DBet1","PBetMixedness1","DBetMixedness1","PAbandons1","DDefaults1","Trial","PWinPct","PWealth","DWealth","PWelfare","DWelfare","TotExpense","False+","False-","False+-","False+^2","False-^2","PDSWelfare","Chips","Settles","ValIfSettled","PAbandons","DDefaults","BothReadyToGiveUp","TrulyLiable","PrimaryAction","MutualOptimism","P Files","D Answers","PDoesntFile","DDoesntAnswer","SettlesBR1","PAbandonsBR1","DDefaultsBR1","P Loses","P Wins"
"FSA Costs Multiplier 2 Fee Shifting Multiplier 0 Risk Neutral Noise 0.5,2","0","862","All",1,0,1,0.500004,0.977386,0.542432,1,1,0.472971,0.1,,,0.199958,,,,,0.0694843,0.0801729,0.175446,0.731739,10.3263,9.11245,10.3263,9.11245,0.561213,0.416099,0.234748,0.650846,0.349675,0.164476,0,0,0.199958,0.1,0.0781698,0.0888584,0.0173711,0.500004,0,1.79226E-05,0.977386,0.542432,0.0226138,0.434954,0.199958,0.0694843,0.0801729,0.0470652,0.12838
"FSA Costs Multiplier 2 Fee Shifting Multiplier 0 Risk Neutral Noise 0.5,2","0","862","NoDispute",0,0,0,,,,,,,,,,,,,,,,,,,,,,,,,,,,,,,,,,,,,,,,,,,,,,,
"FSA Costs Multiplier 2 Fee Shifting Multiplier 0 Risk Neutral Noise 0.5,2","0","862","DisputeArises",1,0,1,0.500004,0.977386,0.542432,1,1,0.472971,0.1,,,0.199958,,,,,0.0694843,0.0801729,0.175446,0.731739,10.3263,9.11245,10.3263,9.11245,0.561213,0.416099,0.234748,0.650846,0.349675,0.164476,0,0,0.199958,0.1,0.0781698,0.0888584,0.0173711,0.500004,0,1.79226E-05,0.977386,0.542432,0.0226138,0.434954,0.199958,0.0694843,0.0801729,0.0470652,0.12838
"FSA Costs Multiplier 2 Fee Shifting Multiplier 0 Risk Neutral Noise 0.5,2","0","862","PFiles",0.9774,0,0.977386,0.5086,1,0.554982,1,1,0.472971,0.1,,,0.204585,,,,,0.0710919,0.0820279,0.179505,0.731739,10.3339,9.09191,10.3339,9.09191,0.574198,0.425726,0.238823,0.664549,0.357765,0.166925,0,0,0.204585,0.1,0.0799784,0.0909143,0.017773,0.510217,0,0.029804,1,0.554982,0,0.445018,0.204585,0.0710919,0.0820279,0.0481541,0.131351
"FSA Costs Multiplier 2 Fee Shifting Multiplier 0 Risk Neutral Noise 0.5,2","0","862","DAnswers",0.5424,0,0.542432,0.415193,1,1,1,1,0.472971,0.1,,,0.368633,,,,,0.128098,0.147803,0.323443,0.731739,10.0403,9.16561,10.0403,9.16561,0.794066,0.490623,0.272711,0.763333,0.368168,0.253491,0,0,0.368633,0.1,0.14411,0.163815,0.0320244,0.393955,0,0.614766,1,1,0,0,0.368633,0.128098,0.147803,0.0867669,0.236676
"FSA Costs Multiplier 2 Fee Shifting Multiplier 0 Risk Neutral Noise 0.5,2","0","862","Litigated",0.5424,0,0.542432,0.415193,1,1,1,1,0.472971,0.1,,,0.368633,,,,,0.128098,0.147803,0.323443,0.731739,10.0403,9.16561,10.0403,9.16561,0.794066,0.490623,0.272711,0.763333,0.368168,0.253491,0,0,0.368633,0.1,0.14411,0.163815,0.0320244,0.393955,0,0.614766,1,1,0,0,0.368633,0.128098,0.147803,0.0867669,0.236676
"FSA Costs Multiplier 2 Fee Shifting Multiplier 0 Risk Neutral Noise 0.5,2","0","862","Not Litigated",0.4576,0,0.457568,0.600544,0.950578,0,1,1,,,,,0,,,,,0,0,0,,10.6654,9.04942,10.6654,9.04942,0.285173,0.327753,0.189745,0.517497,0.327753,0.0589512,0,0,0,,0,0,0,0.625723,0,-0.728746,0.950578,0,0.0494218,0.950578,0,0,0,0,0
"FSA Costs Multiplier 2 Fee Shifting Multiplier 0 Risk Neutral Noise 0.5,2","0","862","Settles",0.2,0,0.199958,0.163267,1,1,1,1,0.1,0.1,,,1,,,,,0,0,0,,9.8,9.6,9.8,9.6,0.6,0.365317,0.104049,0.469366,0.146127,0.124859,0,0,1,0.1,0,0,0,0.0867078,0,-0.563529,1,1,0,0,1,0,0,0,0
"FSA Costs Multiplier 2 Fee Shifting Multiplier 0 Risk Neutral Noise 0.5,2","0","862","Tried",0.1754,0,0.175446,0.644536,1,1,1,1,0.816534,0.1,,,0,,,,,0,0,1,0.731739,10.1317,8.66826,10.1317,8.66826,1.2,0.685091,0.518722,1.20381,0.648414,0.479921,0,0,0,,0,0,0,0.68882,0,2.02979,1,1,0,0,0,0,0,0.268261,0.731739
"FSA Costs Multiplier 2 Fee Shifting Multiplier 0 Risk Neutral Noise 0.5,2","0","862","PWins",0.1284,0,0.12838,0.721487,1,1,1,1,0.848737,0.1,,,0,,,,,0,0,1,1,10.4,8.4,10.4,8.4,1.2,0.802735,0.478359,1.28109,0.806017,0.287015,0,0,0,,0,0,0,0.797265,0,2.24388,1,1,0,0,0,0,0,0,1
"FSA Costs Multiplier 2 Fee Shifting Multiplier 0 Risk Neutral Noise 0.5,2","0","862","DWins",0.0471,0,0.0470652,0.434636,1,1,1,1,0.728693,0.1,,,0,,,,,0,0,1,0,9.4,9.4,9.4,9.4,1.2,0.364193,0.62882,0.993012,0.218516,1.00611,0,0,0,,0,0,0,0.393012,0,1.44579,1,1,0,0,0,0,0,1,0
"FSA Costs Multiplier 2 Fee Shifting Multiplier 0 Risk Neutral Noise 0.5,2","0","862","Abandoned",0.167,0,0.167028,0.475885,1,1,1,1,0.558598,0.1,,,0,,,,,0.416003,0.479996,0,,10.232,9.168,10.232,9.168,0.6,0.436364,0.216215,0.652578,0.339615,0.169643,0,0,0,,0.468004,0.531996,0.104001,0.452052,0,0.539035,1,1,0,0,0,0.416003,0.479996,0,0
"FSA Costs Multiplier 2 Fee Shifting Multiplier 0 Risk Neutral Noise 0.5,2","0","862","Rounds1",0.5251,0,0.525061,0.419291,1,1,1,1,0.478609,0.1,,,0.380828,,,,,0.132336,0.152693,0.334143,0.731739,10.035,9.16448,10.035,9.16448,0.800486,0.484537,0.276625,0.761162,0.356298,0.256196,0,0,0.380828,0.1,0.132336,0.152693,0,0.400604,0,0.668189,1,1,0,0,0.380828,0.132336,0.152693,0.0896375,0.244506
"FSA Costs Multiplier 2 Fee Shifting Multiplier 0 Risk Neutral Noise 0.5,2","0","862","PrePrimary1",0,0,0,,,,,,,,,,,,,,,,,,,,,,,,,,,,,,,,,,,,,,,,,,,,,,,
"FSA Costs Multiplier 2 Fee Shifting Multiplier 0 Risk Neutral Noise 0.5,2","0","862","PrePrimary2",0,0,0,,,,,,,,,,,,,,,,,,,,,,,,,,,,,,,,,,,,,,,,,,,,,,,
"FSA Costs Multiplier 2 Fee Shifting Multiplier 0 Risk Neutral Noise 0.5,2","0","862","PrePrimary3",0,0,0,,,,,,,,,,,,,,,,,,,,,,,,,,,,,,,,,,,,,,,,,,,,,,,
"FSA Costs Multiplier 2 Fee Shifting Multiplier 0 Risk Neutral Noise 0.5,2","0","862","PrePrimary4",0,0,0,,,,,,,,,,,,,,,,,,,,,,,,,,,,,,,,,,,,,,,,,,,,,,,
"FSA Costs Multiplier 2 Fee Shifting Multiplier 0 Risk Neutral Noise 0.5,2","0","862","PrePrimary5",0,0,0,,,,,,,,,,,,,,,,,,,,,,,,,,,,,,,,,,,,,,,,,,,,,,,
"FSA Costs Multiplier 2 Fee Shifting Multiplier 0 Risk Neutral Noise 0.5,2","0","862","PrePrimary6",0,0,0,,,,,,,,,,,,,,,,,,,,,,,,,,,,,,,,,,,,,,,,,,,,,,,
"FSA Costs Multiplier 2 Fee Shifting Multiplier 0 Risk Neutral Noise 0.5,2","0","862","PrePrimary7",0,0,0,,,,,,,,,,,,,,,,,,,,,,,,,,,,,,,,,,,,,,,,,,,,,,,
"FSA Costs Multiplier 2 Fee Shifting Multiplier 0 Risk Neutral Noise 0.5,2","0","862","PrePrimary8",0,0,0,,,,,,,,,,,,,,,,,,,,,,,,,,,,,,,,,,,,,,,,,,,,,,,
"FSA Costs Multiplier 2 Fee Shifting Multiplier 0 Risk Neutral Noise 0.5,2","0","862","PrePrimary9",0,0,0,,,,,,,,,,,,,,,,,,,,,,,,,,,,,,,,,,,,,,,,,,,,,,,
"FSA Costs Multiplier 2 Fee Shifting Multiplier 0 Risk Neutral Noise 0.5,2","0","862","PrePrimary10",0,0,0,,,,,,,,,,,,,,,,,,,,,,,,,,,,,,,,,,,,,,,,,,,,,,,
"FSA Costs Multiplier 2 Fee Shifting Multiplier 0 Risk Neutral Noise 0.5,2","0","862","Truly Liable",0.5,0,0.500004,0.716729,0.997349,0.427384,1,1,0.748915,0.1,,,0.0346755,,,,,0.0235721,0.120733,0.241699,0.846942,10.5305,8.89705,10.5305,8.89705,0.572439,0.160048,0.469492,0.62954,0.0848614,0.328949,0,0,0.0346755,0.1,0.0269244,0.124085,0.00670445,1,0,0.584825,0.997349,0.427384,0.00265105,0.569965,0.0346755,0.0235721,0.120733,0.036994,0.204705
"FSA Costs Multiplier 2 Fee Shifting Multiplier 0 Risk Neutral Noise 0.5,2","0","862","Truly Not Liable",0.5,0,0.499996,0.283275,0.957423,0.657482,1,1,0.293596,0.1,,,0.365244,,,,,0.115397,0.0396121,0.109191,0.476731,10.1222,9.32785,10.1222,9.32785,0.549986,0.672153,0,0.672153,0.614493,0,0,0,0.365244,0.1,0.129416,0.053631,0.0280379,0,0,-0.5848,0.957423,0.657482,0.042577,0.299941,0.365244,0.115397,0.0396121,0.0571364,0.0520549
"FSA Costs Multiplier 2 Fee Shifting Multiplier 0 Risk Neutral Noise 0.5,2","0","862","AllCount",590,0,590,0.500004,576.658,320.035,590,590,0.472971,0.1,,,117.975,,,,,40.9957,47.302,103.513,131.713,10.3263,9.11245,10.3263,9.11245,0.561213,0.416099,0.234748,0.650846,0.349675,0.164476,0,0,117.975,0.1,46.1202,52.4265,10.2489,295.003,0,1.79226E-05,576.658,320.035,13.3422,256.623,117.975,40.9957,47.302,27.7684,75.7445
"FSA Costs Multiplier 2 Fee Shifting Multiplier 0 Risk Neutral Noise 0.5,2","0","862","Liability Strength1",0.2261,0,0.226109,0.1,0.914118,0.724349,1,1,0.127085,0.1,,,0.629983,,,,,0.0786384,0.000197434,0.001074,3.76612E-5,9.98564,9.52218,9.98564,9.52218,0.492184,0.458813,0.0405398,0.499352,0.298819,0.046307,0,0,0.629983,0.1,0.0858666,0.00742558,0.0144563,0.0399657,0,-1.04554,0.914118,0.724349,0.0858819,0.189769,0.629983,0.0786384,0.000197434,0.00107394,4.0447E-8
"FSA Costs Multiplier 2 Fee Shifting Multiplier 0 Risk Neutral Noise 0.5,2","0","862","Liability Strength2",0.1902,0,0.190218,0.3,0.983328,0.678304,1,1,0.285696,0.1,,,0.2724,,,,,0.235281,0.0225729,0.087016,0.0227808,10.0662,9.38307,10.0662,9.38307,0.550699,0.51527,0.158263,0.673534,0.414475,0.187922,0,0,0.2724,0.1,0.265798,0.0530899,0.0610339,0.169489,0,-0.595585,0.983328,0.678304,0.0166718,0.305025,0.2724,0.235281,0.0225729,0.085034,0.0019823
"FSA Costs Multiplier 2 Fee Shifting Multiplier 0 Risk Neutral Noise 0.5,2","0","862","Liability Strength3",0.1673,0,0.167336,0.5,0.999857,0.566455,1,1,0.65664,0.1,,,0.0338023,,,,,0.0412412,0.12562,0.351032,0.5,10.34,8.97946,10.34,8.97946,0.680513,0.582877,0.329984,0.912861,0.627809,0.347235,0,0,0.0338023,0.1,0.0486205,0.133,0.0147586,0.5,0,-1.30481E-05,0.999857,0.566455,0.000142849,0.433402,0.0338023,0.0412412,0.12562,0.175516,0.175516
"FSA Costs Multiplier 2 Fee Shifting Multiplier 0 Risk Neutral Noise 0.5,2","0","862","Liability Strength4",0.1902,0,0.19022,0.7,1,0.436834,1,1,0.867588,0.1,,,0.000219507,,,,,0.00025031,0.141891,0.294353,0.977219,10.6045,8.78786,10.6045,8.78786,0.607662,0.384149,0.328483,0.712633,0.357951,0.153662,0,0,0.00021951,0.1,0.000310642,0.141951,0.000120663,0.830511,0,0.595594,1,0.436834,3.04273E-08,0.563166,0.000219507,0.00025031,0.141891,0.0067056,0.287647
"FSA Costs Multiplier 2 Fee Shifting Multiplier 0 Risk Neutral Noise 0.5,2","0","862","Liability Strength5",0.2261,0,0.226117,0.9,1,0.317277,1,1,0.899679,0.1,,,4.0233E-08,,,,,4.16452E-08,0.123048,0.194229,0.999962,10.6417,8.84656,10.6417,8.84656,0.511721,0.193413,0.343957,0.537371,0.133225,0.136765,0,0,4.0233E-08,0.1,5.48371E-08,0.123048,2.63838E-08,0.960034,0,1.04558,1,0.317277,1.62033E-13,0.682723,4.0233E-08,4.16452E-08,0.123048,7.31491E-6,0.194222
"FSA Costs Multiplier 2 Fee Shifting Multiplier 0 Risk Neutral Noise 0.5,2","0","862","PLiabilitySignal1",0.2137,0,0.21366,0.12847,0.89416,0.695458,1,1,0.1,0.1,,,0.695458,,,,,0,0,0,,10,9.52311,10,9.52311,0.476885,0.44802,0.0572477,0.505267,0.290529,0.0639011,0,0,0.695458,0.1,0,0,0,0.0586162,0,-1.28736,0.89416,0.695458,0.10584,0.198702,0.695458,0,0,0,0
"FSA Costs Multiplier 2 Fee Shifting Multiplier 0 Risk Neutral Noise 0.5,2","0","862","PLiabilitySignal2",0.1989,0,0.19889,0.284476,1,0.694967,1,1,0.227278,0.1,,,0.258267,,,,,0.34936,0,0,,10.0745,9.41698,10.0745,9.41698,0.50849,0.470854,0.164167,0.635021,0.363326,0.185859,0,0,0.258267,0.1,0.39303,0.04367,0.0873401,0.186556,0,-0.57544,1,0.694967,0,0.305033,0.258267,0.34936,0,0,0
"FSA Costs Multiplier 2 Fee Shifting Multiplier 0 Risk Neutral Noise 0.5,2","0","862","PLiabilitySignal3",0.1749,0,0.17489,0.5,1,0.565382,1,1,0.7,0.1,,,0,,,,,0,0.146724,0.418658,0.44942,10.3439,8.93529,10.3439,8.93529,0.720809,0.598581,0.293052,0.891633,0.625579,0.283838,0,0,0,,0,0.146724,0,0.500001,0,-2E-05,1,0.565382,0,0.434618,0,0,0.146724,0.230505,0.188153
"FSA Costs Multiplier 2 Fee Shifting Multiplier 0 Risk Neutral Noise 0.5,2","0","862","PLiabilitySignal4",0.1989,0,0.19889,0.715524,1,0.428917,1,1,0.9,0.1,,,0,,,,,0,0.138993,0.289924,0.887232,10.5803,8.81704,10.5803,8.81704,0.602629,0.376542,0.329827,0.706369,0.354946,0.173265,0,0,0,,0,0.138993,0,0.813444,0,0.57544,1,0.428917,0,0.571083,0,0,0.138993,0.032694,0.25723
"FSA Costs Multiplier 2 Fee Shifting Multiplier 0 Risk Neutral Noise 0.5,2","0","862","PLiabilitySignal5",0.2137,0,0.21367,0.871529,1,0.334308,1,1,0.9,0.1,,,0,,,,,0,0.125745,0.208563,0.994397,10.6363,8.83831,10.6363,8.83831,0.52543,0.220668,0.341715,0.562383,0.165376,0.139262,0,0,0,,0,0.125745,0,0.941384,0,1.2874,1,0.334308,0,0.665692,0,0,0.125745,0.0011686,0.207394
"FSA Costs Multiplier 2 Fee Shifting Multiplier 0 Risk Neutral Noise 0.5,2","0","862","DLiabilitySignal1",0.1748,0,0.17483,0.318054,0.958271,0.958271,1,1,0.375078,0.1,,,0.457247,,,,,0.177061,0,0.323963,0.676171,9.88011,9.35055,9.88011,9.35055,0.76934,0.434153,0.246277,0.680431,0.293701,0.263296,0,0,0.457247,0.1,0.177061,0,0,0.274484,0,1.16183,0.958271,0.958271,0.0417287,0,0.457247,0.177061,0,0.104908,0.219054
"FSA Costs Multiplier 2 Fee Shifting Multiplier 0 Risk Neutral Noise 0.5,2","0","862","DLiabilitySignal2",0.2123,0,0.212276,0.402082,0.968709,0.968709,1,1,0.469365,0.1,,,0.357958,,,,,0.158274,0,0.452477,0.74636,9.94715,9.20014,9.94715,9.20014,0.852711,0.480345,0.311744,0.792089,0.356998,0.309136,0,0,0.357958,0.1,0.158274,0,0,0.378,0,0.548339,0.968709,0.968709,0.0312912,0,0.357958,0.158274,0,0.114766,0.337711
"FSA Costs Multiplier 2 Fee Shifting Multiplier 0 Risk Neutral Noise 0.5,2","0","862","DLiabilitySignal3",0.2258,0,0.225786,0.500003,0.978887,0.749665,1,1,0.574246,0.1,,,0.195015,,,,,0.0218385,0.355084,0.100791,0.808328,10.3998,9.02111,10.3998,9.02111,0.57904,0.503344,0.211109,0.714453,0.433878,0.129687,0,0,0.195015,0.1,0.0603065,0.393552,0.0769361,0.500004,0,1.86726E-05,0.978887,0.749665,0.0211129,0.229222,0.195015,0.0218385,0.355084,0.0193189,0.0814725
"FSA Costs Multiplier 2 Fee Shifting Multiplier 0 Risk Neutral Noise 0.5,2","0","862","DLiabilitySignal4",0.2123,0,0.212278,0.597924,0.987279,0,1,1,,,,,0,,,,,0,0,0,,10.6911,9.01272,10.6911,9.01272,0.296184,0.366111,0.18719,0.553301,0.366111,0.0567442,0,0,0,,0,0,0,0.622007,0,-0.548304,0.987279,0,0.0127207,0.987279,0,0,0,0,0
"FSA Costs Multiplier 2 Fee Shifting Multiplier 0 Risk Neutral Noise 0.5,2","0","862","DLiabilitySignal5",0.1748,0,0.174831,0.681953,0.993086,0,1,1,,,,,0,,,,,0,0,0,,10.6952,9.00691,10.6952,9.00691,0.297926,0.268057,0.218005,0.486062,0.268057,0.0657487,0,0,0,,0,0,0,0.725526,0,-1.16178,0.993086,0,0.0069136,0.993086,0,0,0,0,0
"FSA Costs Multiplier 2 Fee Shifting Multiplier 0 Risk Neutral Noise 0.5,2","0","862","MutOptLiability5",0,0,0,,,,,,,,,,,,,,,,,,,,,,,,,,,,,,,,,,,,,,,,,,,,,,,
"FSA Costs Multiplier 2 Fee Shifting Multiplier 0 Risk Neutral Noise 0.5,2","0","862","MutOptLiability4",0.0114,0,0.0114228,0.85186,1,1,1,1,0.9,0.1,,,0,,,,,0,0,1,0.993109,10.3931,8.40689,10.3931,8.40689,1.2,0.666951,0.562174,1.22912,0.512308,0.345665,0,0,0,,0,0,0,0.928248,0,4,1,1,0,0,0,0,0,0.00689138,0.993109
"FSA Costs Multiplier 2 Fee Shifting Multiplier 0 Risk Neutral Noise 0.5,2","0","862","MutOptLiability3",0.0433,0,0.0432513,0.7847,1,1,1,1,0.9,0.1,,,0,,,,,0,0,1,0.942609,10.3426,8.45739,10.3426,8.45739,1.2,0.689264,0.550611,1.23987,0.586267,0.380178,0,0,0,,0,0,0,0.865798,0,3,1,1,0,0,0,0,0,0.0573906,0.942609
"FSA Costs Multiplier 2 Fee Shifting Multiplier 0 Risk Neutral Noise 0.5,2","0","862","MutOptLiability2",0.1046,0,0.104599,0.708425,1,0.899165,1,1,0.841567,0.1,,,0,,,,,0,0.256865,0.6423,0.710907,10.3216,8.72324,10.3216,8.72324,0.95513,0.542682,0.428819,0.971501,0.483084,0.342073,0,0,0,,0,0.256865,0,0.762825,0,2,1,0.899165,0,0.100835,0,0,0.256865,0.185684,0.456616
"FSA Costs Multiplier 2 Fee Shifting Multiplier 0 Risk Neutral Noise 0.5,2","0","862","MutOptLiability1",0.1968,0,0.196824,0.604704,1,0.625995,1,1,0.568603,0.1,,,0.0930137,,,,,0.157276,0.140452,0.235253,0.536971,10.2795,9.09154,10.2795,9.09154,0.62895,0.32853,0.303996,0.632526,0.274086,0.24079,0,0,0.0930137,0.1,0.157276,0.140452,0,0.622923,0,1,1,0.625995,0,0.374005,0.0930137,0.157276,0.140452,0.108929,0.126324
"FSA Costs Multiplier 2 Fee Shifting Multiplier 0 Risk Neutral Noise 0.5,2","0","862","MutOptLiability0",0.2878,0,0.287812,0.500001,0.974652,0.514383,1,1,0.279485,0.1,,,0.283183,,,,,0.116735,0.0891576,0.025308,0.5,10.2904,9.24769,10.2904,9.24769,0.461895,0.28416,0.201462,0.485622,0.210774,0.125261,0,0,0.283183,0.1,0.116735,0.0891576,0,0.500002,0,0,0.974652,0.514383,0.025348,0.460269,0.283183,0.116735,0.0891576,0.0126538,0.0126538
"FSA Costs Multiplier 2 Fee Shifting Multiplier 0 Risk Neutral Noise 0.5,2","0","862","MutOptLiability-1",0.1968,0,0.196821,0.3953,0.966252,0.465434,1,1,0.149311,0.1,,,0.352124,,,,,0.0250522,0,0,,10.2903,9.28021,10.2903,9.28021,0.429506,0.371483,0.154081,0.525564,0.294352,0.096438,0,0,0.352124,0.1,0.0691813,0.044129,0.0882581,0.377082,0,-1,0.966252,0.465434,0.0337482,0.500818,0.352124,0.0250522,0,0,0
"FSA Costs Multiplier 2 Fee Shifting Multiplier 0 Risk Neutral Noise 0.5,2","0","862","MutOptLiability-2",0.1046,0,0.104599,0.291583,0.954426,0.29486,1,1,0.1,0.1,,,0.29486,,,,,0,0,0,,10.4027,9.22249,10.4027,9.22249,0.374786,0.553913,0.089309,0.643222,0.487468,0.0481878,0,0,0.29486,0.1,0,0,0,0.237184,0,-2,0.954426,0.29486,0.045574,0.659566,0.29486,0,0,0,0
"FSA Costs Multiplier 2 Fee Shifting Multiplier 0 Risk Neutral Noise 0.5,2","0","862","MutOptLiability-3",0.0433,0,0.0432502,0.215303,0.937565,0,1,1,,,,,0,,,,,0,0,0,,10.6563,9.06243,10.6563,9.06243,0.28127,0.80748,0.043144,0.850624,0.80748,0.0158261,0,0,0,,0,0,0,0.134204,0,-3,0.937565,0,0.0624349,0.937565,0,0,0,0,0
"FSA Costs Multiplier 2 Fee Shifting Multiplier 0 Risk Neutral Noise 0.5,2","0","862","MutOptLiability-4",0.0114,0,0.0114201,0.14814,0.89416,0,1,1,,,,,0,,,,,0,0,0,,10.6259,9.10584,10.6259,9.10584,0.268248,0.830002,0.0268416,0.856843,0.830002,0.0133685,0,0,0,,0,0,0,0.0717522,0,-4,0.89416,0,0.10584,0.89416,0,0,0,0,0
"FSA Costs Multiplier 2 Fee Shifting Multiplier 0 Risk Neutral Noise 0.5,2","0","862","MutOptLiability-5",0,0,0,,,,,,,,,,,,,,,,,,,,,,,,,,,,,,,,,,,,,,,,,,,,,,,
"FSA Costs Multiplier 2 Fee Shifting Multiplier 0 Risk Neutral Noise 0.5,2","0","862","Truly Liable MutOptLiability5",0,0,0,,,,,,,,,,,,,,,,,,,,,,,,,,,,,,,,,,,,,,,,,,,,,,,
"FSA Costs Multiplier 2 Fee Shifting Multiplier 0 Risk Neutral Noise 0.5,2","0","862","Truly Liable MutOptLiability4",0.0106,0,0.0106032,0.857361,1,1,1,1,0.9,0.1,,,0,,,,,0,0,1,0.994371,10.3944,8.40563,10.3944,8.40563,1.2,0.596623,0.605629,1.20225,0.357974,0.372384,0,0,0,,0,0,0,1,0,4,1,1,0,0,0,0,0,0.00562904,0.994371
"FSA Costs Multiplier 2 Fee Shifting Multiplier 0 Risk Neutral Noise 0.5,2","0","862","Truly Liable MutOptLiability3",0.0374,0,0.0374469,0.80448,1,1,1,1,0.9,0.1,,,0,,,,,0,0,1,0.964042,10.364,8.43596,10.364,8.43596,1.2,0.578425,0.635958,1.21438,0.347055,0.439107,0,0,0,,0,0,0,1,0,3,1,1,0,0,0,0,0,0.0359577,0.964042
"FSA Costs Multiplier 2 Fee Shifting Multiplier 0 Risk Neutral Noise 0.5,2","0","862","Truly Liable MutOptLiability2",0.0798,0,0.079791,0.766998,1,0.875887,1,1,0.865035,0.1,,,0,,,,,0,0.316165,0.559721,0.83165,10.4379,8.66355,10.4379,8.66355,0.898599,0.374145,0.562146,0.936291,0.196032,0.448429,0,0,0,,0,0.316165,0,1,0,2,1,0.875887,0,0.124113,0,0,0.316165,0.0942293,0.465492
"FSA Costs Multiplier 2 Fee Shifting Multiplier 0 Risk Neutral Noise 0.5,2","0","862","Truly Liable MutOptLiability1",0.1226,0,0.122606,0.745529,1,0.445845,1,1,0.736856,0.1,,,0.0238122,,,,,0.0402638,0.181961,0.199807,0.667788,10.512,8.93438,10.512,8.93438,0.553638,0.134646,0.488015,0.622661,0.064411,0.386549,0,0,0.0238122,0.1,0.0402638,0.181961,0,1,0,1,1,0.445845,0,0.554155,0.0238122,0.0402638,0.181961,0.0663785,0.133429
"FSA Costs Multiplier 2 Fee Shifting Multiplier 0 Risk Neutral Noise 0.5,2","0","862","Truly Liable MutOptLiability0",0.1439,0,0.143906,0.735642,0.997282,0.202648,1,1,0.479872,0.1,,,0.0471985,,,,,0.0409853,0.0891573,0.025307,0.606271,10.5971,9.02776,10.5971,9.02776,0.375164,0.0359531,0.402923,0.438876,0.0135477,0.250522,0,0,0.0471985,0.1,0.0409853,0.0891573,0,1,0,0,0.997282,0.202648,0.00271769,0.794634,0.0471985,0.0409853,0.0891573,0.00996429,0.0153432
"FSA Costs Multiplier 2 Fee Shifting Multiplier 0 Risk Neutral Noise 0.5,2","0","862","Truly Liable MutOptLiability-1",0.0742,0,0.0742178,0.627938,0.9949,0.135366,1,1,0.186769,0.1,,,0.0773775,,,,,0.012821,0,0,,10.5914,9.06953,10.5914,9.06953,0.33908,0.0067752,0.408614,0.41539,0.00203255,0.255748,0,0,0.0773775,0.1,0.0354049,0.0225839,0.0451678,1,0,-1,0.9949,0.135366,0.00509963,0.859534,0.0773775,0.012821,0,0,0
"FSA Costs Multiplier 2 Fee Shifting Multiplier 0 Risk Neutral Noise 0.5,2","0","862","Truly Liable MutOptLiability-2",0.0248,0,0.0248092,0.479969,0.988266,0.0759175,1,1,0.1,0.1,,,0.0759175,,,,,0,0,0,,10.6235,9.05728,10.6235,9.05728,0.319255,0,0.37654,0.37654,0,0.203167,0,0,0.0759175,0.1,0,0,0,1,0,-2,0.988266,0.0759175,0.0117339,0.912349,0.0759175,0,0,0,0
"FSA Costs Multiplier 2 Fee Shifting Multiplier 0 Risk Neutral Noise 0.5,2","0","862","Truly Liable MutOptLiability-3",0.0058,0,0.00580432,0.342914,0.969312,0,1,1,,,,,0,,,,,0,0,0,,10.6785,9.03069,10.6785,9.03069,0.290794,0,0.321482,0.321482,0,0.117926,0,0,0,,0,0,0,1,0,-3,0.969312,0,0.0306882,0.969312,0,0,0,0,0
"FSA Costs Multiplier 2 Fee Shifting Multiplier 0 Risk Neutral Noise 0.5,2","0","862","Truly Liable MutOptLiability-4",0.0008,0,0.000819419,0.219309,0.89416,0,1,1,,,,,0,,,,,0,0,0,,10.6259,9.10584,10.6259,9.10584,0.268248,0,0.374088,0.374088,0,0.186315,0,0,0,,0,0,0,1,0,-4,0.89416,0,0.10584,0.89416,0,0,0,0,0
"FSA Costs Multiplier 2 Fee Shifting Multiplier 0 Risk Neutral Noise 0.5,2","0","862","Truly Liable MutOptLiability-5",0,0,0,,,,,,,,,,,,,,,,,,,,,,,,,,,,,,,,,,,,,,,,,,,,,,,
"FSA Costs Multiplier 2 Fee Shifting Multiplier 0 Risk Neutral Noise 0.5,2","0","862","Truly Not Liable MutOptLiability5",0,0,0,,,,,,,,,,,,,,,,,,,,,,,,,,,,,,,,,,,,,,,,,,,,,,,
"FSA Costs Multiplier 2 Fee Shifting Multiplier 0 Risk Neutral Noise 0.5,2","0","862","Truly Not Liable MutOptLiability4",0.0008,0,0.000819611,0.780691,1,1,1,1,0.9,0.1,,,0,,,,,0,0,1,0.976778,10.3768,8.42322,10.3768,8.42322,1.2,1.57678,0,1.57678,2.50891,0,0,0,0,,0,0,0,0,0,4,1,1,0,0,0,0,0,0.0232221,0.976778
"FSA Costs Multiplier 2 Fee Shifting Multiplier 0 Risk Neutral Noise 0.5,2","0","862","Truly Not Liable MutOptLiability3",0.0058,0,0.0058044,0.657088,1,1,1,1,0.9,0.1,,,0,,,,,0,0,1,0.804335,10.2043,8.59566,10.2043,8.59566,1.2,1.40434,0,1.40434,2.12954,0,0,0,0,,0,0,0,0,0,3,1,1,0,0,0,0,0,0.195665,0.804335
"FSA Costs Multiplier 2 Fee Shifting Multiplier 0 Risk Neutral Noise 0.5,2","0","862","Truly Not Liable MutOptLiability2",0.0248,0,0.0248083,0.520036,1,0.974037,1,1,0.773692,0.1,,,0,,,,,0,0.0661374,0.9079,0.471493,9.9478,8.91525,9.9478,8.91525,1.13695,1.08475,0,1.08475,1.40633,0,0,0,0,,0,0.0661374,0,0,0,2,1,0.974037,0,0.0259628,0,0,0.0661374,0.479831,0.428069
"FSA Costs Multiplier 2 Fee Shifting Multiplier 0 Risk Neutral Noise 0.5,2","0","862","Truly Not Liable MutOptLiability1",0.0742,0,0.0742179,0.372063,1,0.923598,1,1,0.43443,0.1,,,0.207333,,,,,0.350577,0.0718801,0.293808,0.390005,9.89546,9.35118,9.89546,9.35118,0.753364,0.648824,0,0.648824,0.620466,0,0,0,0.207333,0.1,0.350577,0.0718801,0,0,0,1,1,0.923598,0,0.0764016,0.207333,0.350577,0.0718801,0.179221,0.114587
"FSA Costs Multiplier 2 Fee Shifting Multiplier 0 Risk Neutral Noise 0.5,2","0","862","Truly Not Liable MutOptLiability0",0.1439,0,0.143905,0.264359,0.952022,0.826119,1,1,0.230329,0.1,,,0.519168,,,,,0.192486,0.0891579,0.025308,0.393729,9.98374,9.46763,9.98374,9.46763,0.548627,0.532369,0,0.532369,0.408002,0,0,0,0.519168,0.1,0.192486,0.0891579,0,0,0,0,0.952022,0.826119,0.0479784,0.125902,0.519168,0.192486,0.0891579,0.0153433,0.0099644
"FSA Costs Multiplier 2 Fee Shifting Multiplier 0 Risk Neutral Noise 0.5,2","0","862","Truly Not Liable MutOptLiability-1",0.1226,0,0.122604,0.254474,0.94891,0.665239,1,1,0.144697,0.1,,,0.51844,,,,,0.0324564,0,0,,10.108,9.40774,10.108,9.40774,0.484245,0.592257,0,0.592257,0.471307,0,0,0,0.51844,0.1,0.0896277,0.0571713,0.114343,0,0,-1,0.94891,0.665239,0.0510905,0.28367,0.51844,0.0324564,0,0,0
"FSA Costs Multiplier 2 Fee Shifting Multiplier 0 Risk Neutral Noise 0.5,2","0","862","Truly Not Liable MutOptLiability-2",0.0798,0,0.0797898,0.233007,0.943904,0.362936,1,1,0.1,0.1,,,0.362936,,,,,0,0,0,,10.3341,9.27386,10.3341,9.27386,0.392052,0.726142,0,0.726142,0.639038,0,0,0,0.362936,0.1,0,0,0,0,0,-2,0.943904,0.362936,0.056096,0.580968,0.362936,0,0,0,0
"FSA Costs Multiplier 2 Fee Shifting Multiplier 0 Risk Neutral Noise 0.5,2","0","862","Truly Not Liable MutOptLiability-3",0.0374,0,0.0374458,0.195522,0.932644,0,1,1,,,,,0,,,,,0,0,0,,10.6529,9.06736,10.6529,9.06736,0.279793,0.932644,0,0.932644,0.932644,0,0,0,0,,0,0,0,0,0,-3,0.932644,0,0.0673558,0.932644,0,0,0,0,0
"FSA Costs Multiplier 2 Fee Shifting Multiplier 0 Risk Neutral Noise 0.5,2","0","862","Truly Not Liable MutOptLiability-4",0.0106,0,0.0106007,0.142639,0.89416,0,1,1,,,,,0,,,,,0,0,0,,10.6259,9.10584,10.6259,9.10584,0.268248,0.89416,0,0.89416,0.89416,0,0,0,0,,0,0,0,0,0,-4,0.89416,0,0.10584,0.89416,0,0,0,0,0
"FSA Costs Multiplier 2 Fee Shifting Multiplier 0 Risk Neutral Noise 0.5,2","0","862","Truly Not Liable MutOptLiability-5",0,0,0,,,,,,,,,,,,,,,,,,,,,,,,,,,,,,,,,,,,,,,,,,,,,,,
"FSA Costs Multiplier 2 Fee Shifting Multiplier 0 Risk Neutral Noise 0.5,2","0","862","High Quality",0,0,0,,,,,,,,,,,,,,,,,,,,,,,,,,,,,,,,,,,,,,,,,,,,,,,
"FSA Costs Multiplier 2 Fee Shifting Multiplier 0 Risk Neutral Noise 0.5,2","0","862","High Quality Liable MutOptLiability5",0,0,0,,,,,,,,,,,,,,,,,,,,,,,,,,,,,,,,,,,,,,,,,,,,,,,
"FSA Costs Multiplier 2 Fee Shifting Multiplier 0 Risk Neutral Noise 0.5,2","0","862","High Quality Liable MutOptLiability4",0,0,0,,,,,,,,,,,,,,,,,,,,,,,,,,,,,,,,,,,,,,,,,,,,,,,
"FSA Costs Multiplier 2 Fee Shifting Multiplier 0 Risk Neutral Noise 0.5,2","0","862","High Quality Liable MutOptLiability3",0,0,0,,,,,,,,,,,,,,,,,,,,,,,,,,,,,,,,,,,,,,,,,,,,,,,
"FSA Costs Multiplier 2 Fee Shifting Multiplier 0 Risk Neutral Noise 0.5,2","0","862","High Quality Liable MutOptLiability2",0,0,0,,,,,,,,,,,,,,,,,,,,,,,,,,,,,,,,,,,,,,,,,,,,,,,
"FSA Costs Multiplier 2 Fee Shifting Multiplier 0 Risk Neutral Noise 0.5,2","0","862","High Quality Liable MutOptLiability1",0,0,0,,,,,,,,,,,,,,,,,,,,,,,,,,,,,,,,,,,,,,,,,,,,,,,
"FSA Costs Multiplier 2 Fee Shifting Multiplier 0 Risk Neutral Noise 0.5,2","0","862","High Quality Liable MutOptLiability0",0,0,0,,,,,,,,,,,,,,,,,,,,,,,,,,,,,,,,,,,,,,,,,,,,,,,
"FSA Costs Multiplier 2 Fee Shifting Multiplier 0 Risk Neutral Noise 0.5,2","0","862","High Quality Liable MutOptLiability-1",0,0,0,,,,,,,,,,,,,,,,,,,,,,,,,,,,,,,,,,,,,,,,,,,,,,,
"FSA Costs Multiplier 2 Fee Shifting Multiplier 0 Risk Neutral Noise 0.5,2","0","862","High Quality Liable MutOptLiability-2",0,0,0,,,,,,,,,,,,,,,,,,,,,,,,,,,,,,,,,,,,,,,,,,,,,,,
"FSA Costs Multiplier 2 Fee Shifting Multiplier 0 Risk Neutral Noise 0.5,2","0","862","High Quality Liable MutOptLiability-3",0,0,0,,,,,,,,,,,,,,,,,,,,,,,,,,,,,,,,,,,,,,,,,,,,,,,
"FSA Costs Multiplier 2 Fee Shifting Multiplier 0 Risk Neutral Noise 0.5,2","0","862","High Quality Liable MutOptLiability-4",0,0,0,,,,,,,,,,,,,,,,,,,,,,,,,,,,,,,,,,,,,,,,,,,,,,,
"FSA Costs Multiplier 2 Fee Shifting Multiplier 0 Risk Neutral Noise 0.5,2","0","862","High Quality Liable MutOptLiability-5",0,0,0,,,,,,,,,,,,,,,,,,,,,,,,,,,,,,,,,,,,,,,,,,,,,,,
"FSA Costs Multiplier 2 Fee Shifting Multiplier 0 Risk Neutral Noise 0.5,2","0","862","PLiabilitySignal 1",0.2137,0,0.21366,0.12847,0.89416,0.695458,1,1,0.1,0.1,,,0.695458,,,,,0,0,0,,10,9.52311,10,9.52311,0.476885,0.44802,0.0572477,0.505267,0.290529,0.0639011,0,0,0.695458,0.1,0,0,0,0.0586162,0,-1.28736,0.89416,0.695458,0.10584,0.198702,0.695458,0,0,0,0
"FSA Costs Multiplier 2 Fee Shifting Multiplier 0 Risk Neutral Noise 0.5,2","0","862","PLiabilitySignal 2",0.1989,0,0.19889,0.284476,1,0.694967,1,1,0.227278,0.1,,,0.258267,,,,,0.34936,0,0,,10.0745,9.41698,10.0745,9.41698,0.50849,0.470854,0.164167,0.635021,0.363326,0.185859,0,0,0.258267,0.1,0.39303,0.04367,0.0873401,0.186556,0,-0.57544,1,0.694967,0,0.305033,0.258267,0.34936,0,0,0
"FSA Costs Multiplier 2 Fee Shifting Multiplier 0 Risk Neutral Noise 0.5,2","0","862","PLiabilitySignal 3",0.1749,0,0.17489,0.5,1,0.565382,1,1,0.7,0.1,,,0,,,,,0,0.146724,0.418658,0.44942,10.3439,8.93529,10.3439,8.93529,0.720809,0.598581,0.293052,0.891633,0.625579,0.283838,0,0,0,,0,0.146724,0,0.500001,0,-2E-05,1,0.565382,0,0.434618,0,0,0.146724,0.230505,0.188153
"FSA Costs Multiplier 2 Fee Shifting Multiplier 0 Risk Neutral Noise 0.5,2","0","862","PLiabilitySignal 4",0.1989,0,0.19889,0.715524,1,0.428917,1,1,0.9,0.1,,,0,,,,,0,0.138993,0.289924,0.887232,10.5803,8.81704,10.5803,8.81704,0.602629,0.376542,0.329827,0.706369,0.354946,0.173265,0,0,0,,0,0.138993,0,0.813444,0,0.57544,1,0.428917,0,0.571083,0,0,0.138993,0.032694,0.25723
"FSA Costs Multiplier 2 Fee Shifting Multiplier 0 Risk Neutral Noise 0.5,2","0","862","PLiabilitySignal 5",0.2137,0,0.21367,0.871529,1,0.334308,1,1,0.9,0.1,,,0,,,,,0,0.125745,0.208563,0.994397,10.6363,8.83831,10.6363,8.83831,0.52543,0.220668,0.341715,0.562383,0.165376,0.139262,0,0,0,,0,0.125745,0,0.941384,0,1.2874,1,0.334308,0,0.665692,0,0,0.125745,0.0011686,0.207394
"FSA Costs Multiplier 2 Fee Shifting Multiplier 0 Risk Neutral Noise 0.5,2","0","862","DLiabilitySignal 1",0.1748,0,0.17483,0.318054,0.958271,0.958271,1,1,0.375078,0.1,,,0.457247,,,,,0.177061,0,0.323963,0.676171,9.88011,9.35055,9.88011,9.35055,0.76934,0.434153,0.246277,0.680431,0.293701,0.263296,0,0,0.457247,0.1,0.177061,0,0,0.274484,0,1.16183,0.958271,0.958271,0.0417287,0,0.457247,0.177061,0,0.104908,0.219054
"FSA Costs Multiplier 2 Fee Shifting Multiplier 0 Risk Neutral Noise 0.5,2","0","862","DLiabilitySignal 2",0.2123,0,0.212276,0.402082,0.968709,0.968709,1,1,0.469365,0.1,,,0.357958,,,,,0.158274,0,0.452477,0.74636,9.94715,9.20014,9.94715,9.20014,0.852711,0.480345,0.311744,0.792089,0.356998,0.309136,0,0,0.357958,0.1,0.158274,0,0,0.378,0,0.548339,0.968709,0.968709,0.0312912,0,0.357958,0.158274,0,0.114766,0.337711
"FSA Costs Multiplier 2 Fee Shifting Multiplier 0 Risk Neutral Noise 0.5,2","0","862","DLiabilitySignal 3",0.2258,0,0.225786,0.500003,0.978887,0.749665,1,1,0.574246,0.1,,,0.195015,,,,,0.0218385,0.355084,0.100791,0.808328,10.3998,9.02111,10.3998,9.02111,0.57904,0.503344,0.211109,0.714453,0.433878,0.129687,0,0,0.195015,0.1,0.0603065,0.393552,0.0769361,0.500004,0,1.86726E-05,0.978887,0.749665,0.0211129,0.229222,0.195015,0.0218385,0.355084,0.0193189,0.0814725
"FSA Costs Multiplier 2 Fee Shifting Multiplier 0 Risk Neutral Noise 0.5,2","0","862","DLiabilitySignal 4",0.2123,0,0.212278,0.597924,0.987279,0,1,1,,,,,0,,,,,0,0,0,,10.6911,9.01272,10.6911,9.01272,0.296184,0.366111,0.18719,0.553301,0.366111,0.0567442,0,0,0,,0,0,0,0.622007,0,-0.548304,0.987279,0,0.0127207,0.987279,0,0,0,0,0
"FSA Costs Multiplier 2 Fee Shifting Multiplier 0 Risk Neutral Noise 0.5,2","0","862","DLiabilitySignal 5",0.1748,0,0.174831,0.681953,0.993086,0,1,1,,,,,0,,,,,0,0,0,,10.6952,9.00691,10.6952,9.00691,0.297926,0.268057,0.218005,0.486062,0.268057,0.0657487,0,0,0,,0,0,0,0.725526,0,-1.16178,0.993086,0,0.0069136,0.993086,0,0,0,0,0
"FSA Costs Multiplier 2 Fee Shifting Multiplier 0 Risk Neutral Noise 0.5,2","0","862","PDoesntFile",0.0226,0,0.0226138,0.12847,0,0,1,1,,,,,0,,,,,0,0,0,,10,10,10,10,0,0,0.0586162,0.0586162,0,0.0586162,0,0,0,,0,0,0,0.0586162,0,-1.28736,0,0,1,0,0,0,0,0,0
"FSA Costs Multiplier 2 Fee Shifting Multiplier 0 Risk Neutral Noise 0.5,2","0","862","P Files",0.9774,0,0.977386,0.5086,1,0.554982,1,1,0.472971,0.1,,,0.204585,,,,,0.0710919,0.0820279,0.179505,0.731739,10.3339,9.09191,10.3339,9.09191,0.574198,0.425726,0.238823,0.664549,0.357765,0.166925,0,0,0.204585,0.1,0.0799784,0.0909143,0.017773,0.510217,0,0.029804,1,0.554982,0,0.445018,0.204585,0.0710919,0.0820279,0.0481541,0.131351
"FSA Costs Multiplier 2 Fee Shifting Multiplier 0 Risk Neutral Noise 0.5,2","0","862","DDoesntAnswer",0.435,0,0.434954,0.625088,1,0,1,1,,,,,0,,,,,0,0,0,,10.7,9,10.7,9,0.3,0.344793,0.196562,0.541355,0.344793,0.0589686,0,0,0,,0,0,0,0.655207,0,-0.699703,1,0,0,1,0,0,0,0,0
"FSA Costs Multiplier 2 Fee Shifting Multiplier 0 Risk Neutral Noise 0.5,2","0","862","D Answers",0.5424,0,0.542432,0.415193,1,1,1,1,0.472971,0.1,,,0.368633,,,,,0.128098,0.147803,0.323443,0.731739,10.0403,9.16561,10.0403,9.16561,0.794066,0.490623,0.272711,0.763333,0.368168,0.253491,0,0,0.368633,0.1,0.14411,0.163815,0.0320244,0.393955,0,0.614766,1,1,0,0,0.368633,0.128098,0.147803,0.0867669,0.236676
"FSA Costs Multiplier 2 Fee Shifting Multiplier 0 Risk Neutral Noise 0.5,2","0","862","Settles1",0.2,0,0.199958,0.163267,1,1,1,1,0.1,0.1,,,1,,,,,0,0,0,,9.8,9.6,9.8,9.6,0.6,0.365317,0.104049,0.469366,0.146127,0.124859,0,0,1,0.1,0,0,0,0.0867078,0,-0.563529,1,1,0,0,1,0,0,0,0
"FSA Costs Multiplier 2 Fee Shifting Multiplier 0 Risk Neutral Noise 0.5,2","0","862","DoesntSettle1",0.3425,0,0.342474,0.562283,1,1,1,1,0.690735,0.1,,,0,,,,,0.202889,0.234099,0.512289,0.731739,10.1806,8.91199,10.1806,8.91199,0.907373,0.563784,0.371186,0.93497,0.497809,0.328595,0,0,0,,0.22825,0.25946,0.0507223,0.573346,0,1.30273,1,1,0,0,0,0.202889,0.234099,0.137427,0.374862
"FSA Costs Multiplier 2 Fee Shifting Multiplier 0 Risk Neutral Noise 0.5,2","0","862","PAbandons1",0.0695,0,0.0694843,0.268959,1,1,1,1,0.30255,0.1,,,0,,,,,1,0,0,,9.7,9.7,9.7,9.7,0.6,0.249113,0.220511,0.469624,0.0747339,0.286664,0,0,0,,1,0,0,0.169624,0,0.374544,1,1,0,0,0,1,0,0,0
"FSA Costs Multiplier 2 Fee Shifting Multiplier 0 Risk Neutral Noise 0.5,2","0","862","PDoesntAbandon1",0.273,0,0.27299,0.636944,1,1,1,1,0.789541,0.1,,,0,,,,,0,0.293685,0.642682,0.731739,10.303,8.71142,10.303,8.71142,0.985609,0.643878,0.409537,1.05341,0.605495,0.339268,0,0,0,,0.0318164,0.325501,0.0636327,0.676105,0,1.53898,1,1,0,0,0,0,0.293685,0.172406,0.470276
"FSA Costs Multiplier 2 Fee Shifting Multiplier 0 Risk Neutral Noise 0.5,2","0","862","DDefaults1",0.0802,0,0.0801729,0.695213,1,1,1,1,0.835987,0.1,,,0,,,,,0,1,0,,10.7,8.7,10.7,8.7,0.6,0.547039,0.225888,0.772927,0.485263,0.0677665,0,0,0,,0,1,0,0.752961,0,1.01506,1,1,0,0,0,0,1,0,0
"FSA Costs Multiplier 2 Fee Shifting Multiplier 0 Risk Neutral Noise 0.5,2","0","862","DDoesntDefault1",0.1928,0,0.192817,0.612715,1,1,1,1,0.770228,0.1,,,0,,,,,0,0,0.909909,0.731739,10.1379,8.71617,10.1379,8.71617,1.14595,0.684143,0.485898,1.17004,0.655488,0.452157,0,0,0,,0.0450456,0.0450456,0.0900911,0.644149,0,1.75683,1,1,0,0,0,0,0,0.244093,0.665816
"FSA Costs Multiplier 2 Fee Shifting Multiplier 0 Risk Neutral Noise 0.5,2","0","862","POrDQuits1",0.1497,0,0.149657,0.497307,1,1,1,1,0.588318,0.1,,,0,,,,,0.46429,0.53571,0,,10.2357,9.16429,10.2357,9.16429,0.6,0.408715,0.223392,0.632107,0.294658,0.169398,0,0,0,,0.46429,0.53571,0,0.482123,0,0.717674,1,1,0,0,0,0.46429,0.53571,0,0
"FSA Costs Multiplier 2 Fee Shifting Multiplier 0 Risk Neutral Noise 0.5,2","0","862","P Loses",0.0471,0,0.0470652,0.434636,1,1,1,1,0.728693,0.1,,,0,,,,,0,0,1,0,9.4,9.4,9.4,9.4,1.2,0.364193,0.62882,0.993012,0.218516,1.00611,0,0,0,,0,0,0,0.393012,0,1.44579,1,1,0,0,0,0,0,1,0
"FSA Costs Multiplier 2 Fee Shifting Multiplier 0 Risk Neutral Noise 0.5,2","0","862","P Wins",0.1284,0,0.12838,0.721487,1,1,1,1,0.848737,0.1,,,0,,,,,0,0,1,1,10.4,8.4,10.4,8.4,1.2,0.802735,0.478359,1.28109,0.806017,0.287015,0,0,0,,0,0,0,0.797265,0,2.24388,1,1,0,0,0,0,0,0,1
