Filter,Assessment,Data Type
No Dispute Arises,False Negatives,Values,
No Dispute Arises,False Negatives,Probabilities,
P Doesn't File,False Negatives,Values,
P Doesn't File,False Negatives,Probabilities,
D Doesn't Answer,False Negatives,Values,
D Doesn't Answer,False Negatives,Probabilities,
Settles,False Negatives,Values,0.9363636363636364,0.65,0.36363636363636365,0
Settles,False Negatives,Probabilities,0.11117759162582143,0.11183634873883758,0.24114543136331837,0.4724395088720227
P Abandons,False Negatives,Values,
P Abandons,False Negatives,Probabilities,
D Defaults,False Negatives,Values,
D Defaults,False Negatives,Probabilities,
P Loses,False Negatives,Values,1.3,0
P Loses,False Negatives,Probabilities,0.011658745165920692,0.014053385015451442
P Wins,False Negatives,Values,0.30000000000000004,0
P Wins,False Negatives,Probabilities,0.024182289962682013,0.013506699255945866
No Dispute Arises,False Positives,Values,
No Dispute Arises,False Positives,Probabilities,
P Doesn't File,False Positives,Values,
P Doesn't File,False Positives,Probabilities,
D Doesn't Answer,False Positives,Values,
D Doesn't Answer,False Positives,Probabilities,
Settles,False Positives,Values,0.9363636363636364,0.65,0.36363636363636365,0
Settles,False Positives,Probabilities,0.06085344923668162,0.08616580656116243,0.3254202530741786,0.46415937172797744
P Abandons,False Positives,Values,
P Abandons,False Positives,Probabilities,
D Defaults,False Positives,Values,
D Defaults,False Positives,Probabilities,
P Loses,False Positives,Values,0.3,0
P Loses,False Positives,Probabilities,0.014053385015451442,0.011658745165920692
P Wins,False Positives,Values,1.3,0.30000000000000004
P Wins,False Positives,Probabilities,0.013506699255945866,0.024182289962682013
No Dispute Arises,Total Expenditures,Values,
No Dispute Arises,Total Expenditures,Probabilities,
P Doesn't File,Total Expenditures,Values,
P Doesn't File,Total Expenditures,Probabilities,
D Doesn't Answer,Total Expenditures,Values,
D Doesn't Answer,Total Expenditures,Probabilities,
Settles,Total Expenditures,Values,0.30000000000000004,0.30000000000000004
Settles,Total Expenditures,Probabilities,0.4724395088720227,0.46415937172797744
P Abandons,Total Expenditures,Values,
P Abandons,Total Expenditures,Probabilities,
D Defaults,Total Expenditures,Values,
D Defaults,Total Expenditures,Probabilities,
P Loses,Total Expenditures,Values,0.6,0.6
P Loses,Total Expenditures,Probabilities,0.014053385015451442,0.011658745165920692
P Wins,Total Expenditures,Values,0.6000000000000001,0.6000000000000001
P Wins,Total Expenditures,Probabilities,0.013506699255945866,0.024182289962682013
