"OptionSet","Seconds","Filter","All","NoDispute","DisputeArises","LitigQuality","PFiles","DAnswers","PBargains1","DBargains1","POffer1","DOffer1","POfferMixedness1","DOfferMixedness1","Settles1","PBet1","DBet1","PBetMixedness1","DBetMixedness1","PAbandons1","DDefaults1","Trial","PWinPct","PWealth","DWealth","PWelfare","DWelfare","TotExpense","False+","False-","False+-","False+^2","False-^2","PDSWelfare","Chips","Settles","ValIfSettled","PAbandons","DDefaults","BothReadyToGiveUp","TrulyLiable","PrimaryAction","MutualOptimism","P Files","D Answers","PDoesntFile","DDoesntAnswer","SettlesBR1","PAbandonsBR1","DDefaultsBR1","P Loses","P Wins"
"FSA Costs Multiplier 4 Fee Shifting Multiplier 1.5 Moderately Risk Averse Fee Rule Reverse 68 Damages Dispute","6","All",1,0,1,0.5,1,0,1,1,,,,,0,,,,,0,0,0,,10.4,9,1000.1,998.808,0.6,0.499998,0.193335,0.693333,0.351851,0.083902,0,0,0,,0,0,0,1,0,0,1,0,0,1,0,0,0,0,0
"FSA Costs Multiplier 4 Fee Shifting Multiplier 1.5 Moderately Risk Averse Fee Rule Reverse 68 Damages Dispute","6","NoDispute",0,0,0,,,,,,,,,,,,,,,,,,,,,,,,,,,,,,,,,,,,,,,,,,,,,,,
"FSA Costs Multiplier 4 Fee Shifting Multiplier 1.5 Moderately Risk Averse Fee Rule Reverse 68 Damages Dispute","6","DisputeArises",1,0,1,0.5,1,0,1,1,,,,,0,,,,,0,0,0,,10.4,9,1000.1,998.808,0.6,0.499998,0.193335,0.693333,0.351851,0.083902,0,0,0,,0,0,0,1,0,0,1,0,0,1,0,0,0,0,0
"FSA Costs Multiplier 4 Fee Shifting Multiplier 1.5 Moderately Risk Averse Fee Rule Reverse 68 Damages Dispute","6","PFiles",1,0,1,0.5,1,0,1,1,,,,,0,,,,,0,0,0,,10.4,9,1000.1,998.808,0.6,0.499998,0.193335,0.693333,0.351851,0.083902,0,0,0,,0,0,0,1,0,0,1,0,0,1,0,0,0,0,0
"FSA Costs Multiplier 4 Fee Shifting Multiplier 1.5 Moderately Risk Averse Fee Rule Reverse 68 Damages Dispute","6","DAnswers",0,0,0,,,,,,,,,,,,,,,,,,,,,,,,,,,,,,,,,,,,,,,,,,,,,,,
"FSA Costs Multiplier 4 Fee Shifting Multiplier 1.5 Moderately Risk Averse Fee Rule Reverse 68 Damages Dispute","6","Litigated",0,0,0,,,,,,,,,,,,,,,,,,,,,,,,,,,,,,,,,,,,,,,,,,,,,,,
"FSA Costs Multiplier 4 Fee Shifting Multiplier 1.5 Moderately Risk Averse Fee Rule Reverse 68 Damages Dispute","6","Not Litigated",1,0,1,0.5,1,0,1,1,,,,,0,,,,,0,0,0,,10.4,9,1000.1,998.808,0.6,0.499998,0.193335,0.693333,0.351851,0.083902,0,0,0,,0,0,0,1,0,0,1,0,0,1,0,0,0,0,0
"FSA Costs Multiplier 4 Fee Shifting Multiplier 1.5 Moderately Risk Averse Fee Rule Reverse 68 Damages Dispute","6","Settles",0,0,0,,,,,,,,,,,,,,,,,,,,,,,,,,,,,,,,,,,,,,,,,,,,,,,
"FSA Costs Multiplier 4 Fee Shifting Multiplier 1.5 Moderately Risk Averse Fee Rule Reverse 68 Damages Dispute","6","Tried",0,0,0,,,,,,,,,,,,,,,,,,,,,,,,,,,,,,,,,,,,,,,,,,,,,,,
"FSA Costs Multiplier 4 Fee Shifting Multiplier 1.5 Moderately Risk Averse Fee Rule Reverse 68 Damages Dispute","6","PWins",0,0,0,,,,,,,,,,,,,,,,,,,,,,,,,,,,,,,,,,,,,,,,,,,,,,,
"FSA Costs Multiplier 4 Fee Shifting Multiplier 1.5 Moderately Risk Averse Fee Rule Reverse 68 Damages Dispute","6","DWins",0,0,0,,,,,,,,,,,,,,,,,,,,,,,,,,,,,,,,,,,,,,,,,,,,,,,
"FSA Costs Multiplier 4 Fee Shifting Multiplier 1.5 Moderately Risk Averse Fee Rule Reverse 68 Damages Dispute","6","Abandoned",0,0,0,,,,,,,,,,,,,,,,,,,,,,,,,,,,,,,,,,,,,,,,,,,,,,,
"FSA Costs Multiplier 4 Fee Shifting Multiplier 1.5 Moderately Risk Averse Fee Rule Reverse 68 Damages Dispute","6","Rounds1",0,0,0,,,,,,,,,,,,,,,,,,,,,,,,,,,,,,,,,,,,,,,,,,,,,,,
"FSA Costs Multiplier 4 Fee Shifting Multiplier 1.5 Moderately Risk Averse Fee Rule Reverse 68 Damages Dispute","6","PrePrimary1",0,0,0,,,,,,,,,,,,,,,,,,,,,,,,,,,,,,,,,,,,,,,,,,,,,,,
"FSA Costs Multiplier 4 Fee Shifting Multiplier 1.5 Moderately Risk Averse Fee Rule Reverse 68 Damages Dispute","6","PrePrimary2",0,0,0,,,,,,,,,,,,,,,,,,,,,,,,,,,,,,,,,,,,,,,,,,,,,,,
"FSA Costs Multiplier 4 Fee Shifting Multiplier 1.5 Moderately Risk Averse Fee Rule Reverse 68 Damages Dispute","6","PrePrimary3",0,0,0,,,,,,,,,,,,,,,,,,,,,,,,,,,,,,,,,,,,,,,,,,,,,,,
"FSA Costs Multiplier 4 Fee Shifting Multiplier 1.5 Moderately Risk Averse Fee Rule Reverse 68 Damages Dispute","6","PrePrimary4",0,0,0,,,,,,,,,,,,,,,,,,,,,,,,,,,,,,,,,,,,,,,,,,,,,,,
"FSA Costs Multiplier 4 Fee Shifting Multiplier 1.5 Moderately Risk Averse Fee Rule Reverse 68 Damages Dispute","6","PrePrimary5",0,0,0,,,,,,,,,,,,,,,,,,,,,,,,,,,,,,,,,,,,,,,,,,,,,,,
"FSA Costs Multiplier 4 Fee Shifting Multiplier 1.5 Moderately Risk Averse Fee Rule Reverse 68 Damages Dispute","6","PrePrimary6",0,0,0,,,,,,,,,,,,,,,,,,,,,,,,,,,,,,,,,,,,,,,,,,,,,,,
"FSA Costs Multiplier 4 Fee Shifting Multiplier 1.5 Moderately Risk Averse Fee Rule Reverse 68 Damages Dispute","6","PrePrimary7",0,0,0,,,,,,,,,,,,,,,,,,,,,,,,,,,,,,,,,,,,,,,,,,,,,,,
"FSA Costs Multiplier 4 Fee Shifting Multiplier 1.5 Moderately Risk Averse Fee Rule Reverse 68 Damages Dispute","6","PrePrimary8",0,0,0,,,,,,,,,,,,,,,,,,,,,,,,,,,,,,,,,,,,,,,,,,,,,,,
"FSA Costs Multiplier 4 Fee Shifting Multiplier 1.5 Moderately Risk Averse Fee Rule Reverse 68 Damages Dispute","6","PrePrimary9",0,0,0,,,,,,,,,,,,,,,,,,,,,,,,,,,,,,,,,,,,,,,,,,,,,,,
"FSA Costs Multiplier 4 Fee Shifting Multiplier 1.5 Moderately Risk Averse Fee Rule Reverse 68 Damages Dispute","6","PrePrimary10",0,0,0,,,,,,,,,,,,,,,,,,,,,,,,,,,,,,,,,,,,,,,,,,,,,,,
"FSA Costs Multiplier 4 Fee Shifting Multiplier 1.5 Moderately Risk Averse Fee Rule Reverse 68 Damages Dispute","6","Truly Liable",1,0,1,0.5,1,0,1,1,,,,,0,,,,,0,0,0,,10.4,9,1000.1,998.808,0.6,0.499998,0.193335,0.693333,0.351851,0.083902,0,0,0,,0,0,0,1,0,0,1,0,0,1,0,0,0,0,0
"FSA Costs Multiplier 4 Fee Shifting Multiplier 1.5 Moderately Risk Averse Fee Rule Reverse 68 Damages Dispute","6","Truly Not Liable",0,0,0,,,,,,,,,,,,,,,,,,,,,,,,,,,,,,,,,,,,,,,,,,,,,,,
"FSA Costs Multiplier 4 Fee Shifting Multiplier 1.5 Moderately Risk Averse Fee Rule Reverse 68 Damages Dispute","6","AllCount",880,0,880,0.5,880,0,880,880,,,,,0,,,,,0,0,0,,10.4,9,1000.1,998.808,0.6,0.499998,0.193335,0.693333,0.351851,0.083902,0,0,0,,0,0,0,880,0,0,880,0,0,880,0,0,0,0,0
"FSA Costs Multiplier 4 Fee Shifting Multiplier 1.5 Moderately Risk Averse Fee Rule Reverse 68 Damages Dispute","6","Liability Strength1",1,0,1,0.5,1,0,1,1,,,,,0,,,,,0,0,0,,10.4,9,1000.1,998.808,0.6,0.499998,0.193335,0.693333,0.351851,0.083902,0,0,0,,0,0,0,1,0,0,1,0,0,1,0,0,0,0,0
"FSA Costs Multiplier 4 Fee Shifting Multiplier 1.5 Moderately Risk Averse Fee Rule Reverse 68 Damages Dispute","6","PLiabilitySignal1",1,0,1,0.5,1,0,1,1,,,,,0,,,,,0,0,0,,10.4,9,1000.1,998.808,0.6,0.499998,0.193335,0.693333,0.351851,0.083902,0,0,0,,0,0,0,1,0,0,1,0,0,1,0,0,0,0,0
"FSA Costs Multiplier 4 Fee Shifting Multiplier 1.5 Moderately Risk Averse Fee Rule Reverse 68 Damages Dispute","6","DLiabilitySignal1",1,0,1,0.5,1,0,1,1,,,,,0,,,,,0,0,0,,10.4,9,1000.1,998.808,0.6,0.499998,0.193335,0.693333,0.351851,0.083902,0,0,0,,0,0,0,1,0,0,1,0,0,1,0,0,0,0,0
"FSA Costs Multiplier 4 Fee Shifting Multiplier 1.5 Moderately Risk Averse Fee Rule Reverse 68 Damages Dispute","6","MutOptLiability5",0,0,0,,,,,,,,,,,,,,,,,,,,,,,,,,,,,,,,,,,,,,,,,,,,,,,
"FSA Costs Multiplier 4 Fee Shifting Multiplier 1.5 Moderately Risk Averse Fee Rule Reverse 68 Damages Dispute","6","MutOptLiability4",0,0,0,,,,,,,,,,,,,,,,,,,,,,,,,,,,,,,,,,,,,,,,,,,,,,,
"FSA Costs Multiplier 4 Fee Shifting Multiplier 1.5 Moderately Risk Averse Fee Rule Reverse 68 Damages Dispute","6","MutOptLiability3",0,0,0,,,,,,,,,,,,,,,,,,,,,,,,,,,,,,,,,,,,,,,,,,,,,,,
"FSA Costs Multiplier 4 Fee Shifting Multiplier 1.5 Moderately Risk Averse Fee Rule Reverse 68 Damages Dispute","6","MutOptLiability2",0,0,0,,,,,,,,,,,,,,,,,,,,,,,,,,,,,,,,,,,,,,,,,,,,,,,
"FSA Costs Multiplier 4 Fee Shifting Multiplier 1.5 Moderately Risk Averse Fee Rule Reverse 68 Damages Dispute","6","MutOptLiability1",0,0,0,,,,,,,,,,,,,,,,,,,,,,,,,,,,,,,,,,,,,,,,,,,,,,,
"FSA Costs Multiplier 4 Fee Shifting Multiplier 1.5 Moderately Risk Averse Fee Rule Reverse 68 Damages Dispute","6","MutOptLiability0",1,0,1,0.5,1,0,1,1,,,,,0,,,,,0,0,0,,10.4,9,1000.1,998.808,0.6,0.499998,0.193335,0.693333,0.351851,0.083902,0,0,0,,0,0,0,1,0,0,1,0,0,1,0,0,0,0,0
"FSA Costs Multiplier 4 Fee Shifting Multiplier 1.5 Moderately Risk Averse Fee Rule Reverse 68 Damages Dispute","6","MutOptLiability-1",0,0,0,,,,,,,,,,,,,,,,,,,,,,,,,,,,,,,,,,,,,,,,,,,,,,,
"FSA Costs Multiplier 4 Fee Shifting Multiplier 1.5 Moderately Risk Averse Fee Rule Reverse 68 Damages Dispute","6","MutOptLiability-2",0,0,0,,,,,,,,,,,,,,,,,,,,,,,,,,,,,,,,,,,,,,,,,,,,,,,
"FSA Costs Multiplier 4 Fee Shifting Multiplier 1.5 Moderately Risk Averse Fee Rule Reverse 68 Damages Dispute","6","MutOptLiability-3",0,0,0,,,,,,,,,,,,,,,,,,,,,,,,,,,,,,,,,,,,,,,,,,,,,,,
"FSA Costs Multiplier 4 Fee Shifting Multiplier 1.5 Moderately Risk Averse Fee Rule Reverse 68 Damages Dispute","6","MutOptLiability-4",0,0,0,,,,,,,,,,,,,,,,,,,,,,,,,,,,,,,,,,,,,,,,,,,,,,,
"FSA Costs Multiplier 4 Fee Shifting Multiplier 1.5 Moderately Risk Averse Fee Rule Reverse 68 Damages Dispute","6","MutOptLiability-5",0,0,0,,,,,,,,,,,,,,,,,,,,,,,,,,,,,,,,,,,,,,,,,,,,,,,
"FSA Costs Multiplier 4 Fee Shifting Multiplier 1.5 Moderately Risk Averse Fee Rule Reverse 68 Damages Dispute","6","Truly Liable MutOptLiability5",0,0,0,,,,,,,,,,,,,,,,,,,,,,,,,,,,,,,,,,,,,,,,,,,,,,,
"FSA Costs Multiplier 4 Fee Shifting Multiplier 1.5 Moderately Risk Averse Fee Rule Reverse 68 Damages Dispute","6","Truly Liable MutOptLiability4",0,0,0,,,,,,,,,,,,,,,,,,,,,,,,,,,,,,,,,,,,,,,,,,,,,,,
"FSA Costs Multiplier 4 Fee Shifting Multiplier 1.5 Moderately Risk Averse Fee Rule Reverse 68 Damages Dispute","6","Truly Liable MutOptLiability3",0,0,0,,,,,,,,,,,,,,,,,,,,,,,,,,,,,,,,,,,,,,,,,,,,,,,
"FSA Costs Multiplier 4 Fee Shifting Multiplier 1.5 Moderately Risk Averse Fee Rule Reverse 68 Damages Dispute","6","Truly Liable MutOptLiability2",0,0,0,,,,,,,,,,,,,,,,,,,,,,,,,,,,,,,,,,,,,,,,,,,,,,,
"FSA Costs Multiplier 4 Fee Shifting Multiplier 1.5 Moderately Risk Averse Fee Rule Reverse 68 Damages Dispute","6","Truly Liable MutOptLiability1",0,0,0,,,,,,,,,,,,,,,,,,,,,,,,,,,,,,,,,,,,,,,,,,,,,,,
"FSA Costs Multiplier 4 Fee Shifting Multiplier 1.5 Moderately Risk Averse Fee Rule Reverse 68 Damages Dispute","6","Truly Liable MutOptLiability0",1,0,1,0.5,1,0,1,1,,,,,0,,,,,0,0,0,,10.4,9,1000.1,998.808,0.6,0.499998,0.193335,0.693333,0.351851,0.083902,0,0,0,,0,0,0,1,0,0,1,0,0,1,0,0,0,0,0
"FSA Costs Multiplier 4 Fee Shifting Multiplier 1.5 Moderately Risk Averse Fee Rule Reverse 68 Damages Dispute","6","Truly Liable MutOptLiability-1",0,0,0,,,,,,,,,,,,,,,,,,,,,,,,,,,,,,,,,,,,,,,,,,,,,,,
"FSA Costs Multiplier 4 Fee Shifting Multiplier 1.5 Moderately Risk Averse Fee Rule Reverse 68 Damages Dispute","6","Truly Liable MutOptLiability-2",0,0,0,,,,,,,,,,,,,,,,,,,,,,,,,,,,,,,,,,,,,,,,,,,,,,,
"FSA Costs Multiplier 4 Fee Shifting Multiplier 1.5 Moderately Risk Averse Fee Rule Reverse 68 Damages Dispute","6","Truly Liable MutOptLiability-3",0,0,0,,,,,,,,,,,,,,,,,,,,,,,,,,,,,,,,,,,,,,,,,,,,,,,
"FSA Costs Multiplier 4 Fee Shifting Multiplier 1.5 Moderately Risk Averse Fee Rule Reverse 68 Damages Dispute","6","Truly Liable MutOptLiability-4",0,0,0,,,,,,,,,,,,,,,,,,,,,,,,,,,,,,,,,,,,,,,,,,,,,,,
"FSA Costs Multiplier 4 Fee Shifting Multiplier 1.5 Moderately Risk Averse Fee Rule Reverse 68 Damages Dispute","6","Truly Liable MutOptLiability-5",0,0,0,,,,,,,,,,,,,,,,,,,,,,,,,,,,,,,,,,,,,,,,,,,,,,,
"FSA Costs Multiplier 4 Fee Shifting Multiplier 1.5 Moderately Risk Averse Fee Rule Reverse 68 Damages Dispute","6","Truly Not Liable MutOptLiability5",0,0,0,,,,,,,,,,,,,,,,,,,,,,,,,,,,,,,,,,,,,,,,,,,,,,,
"FSA Costs Multiplier 4 Fee Shifting Multiplier 1.5 Moderately Risk Averse Fee Rule Reverse 68 Damages Dispute","6","Truly Not Liable MutOptLiability4",0,0,0,,,,,,,,,,,,,,,,,,,,,,,,,,,,,,,,,,,,,,,,,,,,,,,
"FSA Costs Multiplier 4 Fee Shifting Multiplier 1.5 Moderately Risk Averse Fee Rule Reverse 68 Damages Dispute","6","Truly Not Liable MutOptLiability3",0,0,0,,,,,,,,,,,,,,,,,,,,,,,,,,,,,,,,,,,,,,,,,,,,,,,
"FSA Costs Multiplier 4 Fee Shifting Multiplier 1.5 Moderately Risk Averse Fee Rule Reverse 68 Damages Dispute","6","Truly Not Liable MutOptLiability2",0,0,0,,,,,,,,,,,,,,,,,,,,,,,,,,,,,,,,,,,,,,,,,,,,,,,
"FSA Costs Multiplier 4 Fee Shifting Multiplier 1.5 Moderately Risk Averse Fee Rule Reverse 68 Damages Dispute","6","Truly Not Liable MutOptLiability1",0,0,0,,,,,,,,,,,,,,,,,,,,,,,,,,,,,,,,,,,,,,,,,,,,,,,
"FSA Costs Multiplier 4 Fee Shifting Multiplier 1.5 Moderately Risk Averse Fee Rule Reverse 68 Damages Dispute","6","Truly Not Liable MutOptLiability0",0,0,0,,,,,,,,,,,,,,,,,,,,,,,,,,,,,,,,,,,,,,,,,,,,,,,
"FSA Costs Multiplier 4 Fee Shifting Multiplier 1.5 Moderately Risk Averse Fee Rule Reverse 68 Damages Dispute","6","Truly Not Liable MutOptLiability-1",0,0,0,,,,,,,,,,,,,,,,,,,,,,,,,,,,,,,,,,,,,,,,,,,,,,,
"FSA Costs Multiplier 4 Fee Shifting Multiplier 1.5 Moderately Risk Averse Fee Rule Reverse 68 Damages Dispute","6","Truly Not Liable MutOptLiability-2",0,0,0,,,,,,,,,,,,,,,,,,,,,,,,,,,,,,,,,,,,,,,,,,,,,,,
"FSA Costs Multiplier 4 Fee Shifting Multiplier 1.5 Moderately Risk Averse Fee Rule Reverse 68 Damages Dispute","6","Truly Not Liable MutOptLiability-3",0,0,0,,,,,,,,,,,,,,,,,,,,,,,,,,,,,,,,,,,,,,,,,,,,,,,
"FSA Costs Multiplier 4 Fee Shifting Multiplier 1.5 Moderately Risk Averse Fee Rule Reverse 68 Damages Dispute","6","Truly Not Liable MutOptLiability-4",0,0,0,,,,,,,,,,,,,,,,,,,,,,,,,,,,,,,,,,,,,,,,,,,,,,,
"FSA Costs Multiplier 4 Fee Shifting Multiplier 1.5 Moderately Risk Averse Fee Rule Reverse 68 Damages Dispute","6","Truly Not Liable MutOptLiability-5",0,0,0,,,,,,,,,,,,,,,,,,,,,,,,,,,,,,,,,,,,,,,,,,,,,,,
"FSA Costs Multiplier 4 Fee Shifting Multiplier 1.5 Moderately Risk Averse Fee Rule Reverse 68 Damages Dispute","6","High Quality",0,0,0,,,,,,,,,,,,,,,,,,,,,,,,,,,,,,,,,,,,,,,,,,,,,,,
"FSA Costs Multiplier 4 Fee Shifting Multiplier 1.5 Moderately Risk Averse Fee Rule Reverse 68 Damages Dispute","6","High Quality Liable MutOptLiability5",0,0,0,,,,,,,,,,,,,,,,,,,,,,,,,,,,,,,,,,,,,,,,,,,,,,,
"FSA Costs Multiplier 4 Fee Shifting Multiplier 1.5 Moderately Risk Averse Fee Rule Reverse 68 Damages Dispute","6","High Quality Liable MutOptLiability4",0,0,0,,,,,,,,,,,,,,,,,,,,,,,,,,,,,,,,,,,,,,,,,,,,,,,
"FSA Costs Multiplier 4 Fee Shifting Multiplier 1.5 Moderately Risk Averse Fee Rule Reverse 68 Damages Dispute","6","High Quality Liable MutOptLiability3",0,0,0,,,,,,,,,,,,,,,,,,,,,,,,,,,,,,,,,,,,,,,,,,,,,,,
"FSA Costs Multiplier 4 Fee Shifting Multiplier 1.5 Moderately Risk Averse Fee Rule Reverse 68 Damages Dispute","6","High Quality Liable MutOptLiability2",0,0,0,,,,,,,,,,,,,,,,,,,,,,,,,,,,,,,,,,,,,,,,,,,,,,,
"FSA Costs Multiplier 4 Fee Shifting Multiplier 1.5 Moderately Risk Averse Fee Rule Reverse 68 Damages Dispute","6","High Quality Liable MutOptLiability1",0,0,0,,,,,,,,,,,,,,,,,,,,,,,,,,,,,,,,,,,,,,,,,,,,,,,
"FSA Costs Multiplier 4 Fee Shifting Multiplier 1.5 Moderately Risk Averse Fee Rule Reverse 68 Damages Dispute","6","High Quality Liable MutOptLiability0",0,0,0,,,,,,,,,,,,,,,,,,,,,,,,,,,,,,,,,,,,,,,,,,,,,,,
"FSA Costs Multiplier 4 Fee Shifting Multiplier 1.5 Moderately Risk Averse Fee Rule Reverse 68 Damages Dispute","6","High Quality Liable MutOptLiability-1",0,0,0,,,,,,,,,,,,,,,,,,,,,,,,,,,,,,,,,,,,,,,,,,,,,,,
"FSA Costs Multiplier 4 Fee Shifting Multiplier 1.5 Moderately Risk Averse Fee Rule Reverse 68 Damages Dispute","6","High Quality Liable MutOptLiability-2",0,0,0,,,,,,,,,,,,,,,,,,,,,,,,,,,,,,,,,,,,,,,,,,,,,,,
"FSA Costs Multiplier 4 Fee Shifting Multiplier 1.5 Moderately Risk Averse Fee Rule Reverse 68 Damages Dispute","6","High Quality Liable MutOptLiability-3",0,0,0,,,,,,,,,,,,,,,,,,,,,,,,,,,,,,,,,,,,,,,,,,,,,,,
"FSA Costs Multiplier 4 Fee Shifting Multiplier 1.5 Moderately Risk Averse Fee Rule Reverse 68 Damages Dispute","6","High Quality Liable MutOptLiability-4",0,0,0,,,,,,,,,,,,,,,,,,,,,,,,,,,,,,,,,,,,,,,,,,,,,,,
"FSA Costs Multiplier 4 Fee Shifting Multiplier 1.5 Moderately Risk Averse Fee Rule Reverse 68 Damages Dispute","6","High Quality Liable MutOptLiability-5",0,0,0,,,,,,,,,,,,,,,,,,,,,,,,,,,,,,,,,,,,,,,,,,,,,,,
"FSA Costs Multiplier 4 Fee Shifting Multiplier 1.5 Moderately Risk Averse Fee Rule Reverse 68 Damages Dispute","6","Damages Strength1",0.1,0,0.0999995,0.5,1,0,1,1,,,,,0,,,,,0,0,0,,10.4,9,1000.1,998.808,0.6,1,0,1,1,0,0,0,0,,0,0,0,1,0,0,1,0,0,1,0,0,0,0,0
"FSA Costs Multiplier 4 Fee Shifting Multiplier 1.5 Moderately Risk Averse Fee Rule Reverse 68 Damages Dispute","6","Damages Strength2",0.1,0,0.1,0.5,1,0,1,1,,,,,0,,,,,0,0,0,,10.4,9,1000.1,998.808,0.6,0.888889,0,0.888889,0.790123,0,0,0,0,,0,0,0,1,0,0,1,0,0,1,0,0,0,0,0
"FSA Costs Multiplier 4 Fee Shifting Multiplier 1.5 Moderately Risk Averse Fee Rule Reverse 68 Damages Dispute","6","Damages Strength3",0.1,0,0.0999999,0.5,1,0,1,1,,,,,0,,,,,0,0,0,,10.4,9,1000.1,998.808,0.6,0.777778,0,0.777778,0.604938,0,0,0,0,,0,0,0,1,0,0,1,0,0,1,0,0,0,0,0
"FSA Costs Multiplier 4 Fee Shifting Multiplier 1.5 Moderately Risk Averse Fee Rule Reverse 68 Damages Dispute","6","Damages Strength4",0.1,0,0.099999,0.5,1,0,1,1,,,,,0,,,,,0,0,0,,10.4,9,1000.1,998.808,0.6,0.666667,0,0.666667,0.444444,0,0,0,0,,0,0,0,1,0,0,1,0,0,1,0,0,0,0,0
"FSA Costs Multiplier 4 Fee Shifting Multiplier 1.5 Moderately Risk Averse Fee Rule Reverse 68 Damages Dispute","6","Damages Strength5",0.1,0,0.0999992,0.5,1,0,1,1,,,,,0,,,,,0,0,0,,10.4,9,1000.1,998.808,0.6,0.555556,0.0444444,0.6,0.308642,0.00197531,0,0,0,,0,0,0,1,0,0,1,0,0,1,0,0,0,0,0
"FSA Costs Multiplier 4 Fee Shifting Multiplier 1.5 Moderately Risk Averse Fee Rule Reverse 68 Damages Dispute","6","Damages Strength6",0.1,0,0.1,0.5,1,0,1,1,,,,,0,,,,,0,0,0,,10.4,9,1000.1,998.808,0.6,0.444444,0.155556,0.6,0.197531,0.0241975,0,0,0,,0,0,0,1,0,0,1,0,0,1,0,0,0,0,0
"FSA Costs Multiplier 4 Fee Shifting Multiplier 1.5 Moderately Risk Averse Fee Rule Reverse 68 Damages Dispute","6","Damages Strength7",0.1,0,0.0999997,0.5,1,0,1,1,,,,,0,,,,,0,0,0,,10.4,9,1000.1,998.808,0.6,0.333333,0.266667,0.6,0.111111,0.0711111,0,0,0,,0,0,0,1,0,0,1,0,0,1,0,0,0,0,0
"FSA Costs Multiplier 4 Fee Shifting Multiplier 1.5 Moderately Risk Averse Fee Rule Reverse 68 Damages Dispute","6","Damages Strength8",0.1,0,0.0999999,0.5,1,0,1,1,,,,,0,,,,,0,0,0,,10.4,9,1000.1,998.808,0.6,0.222222,0.377778,0.6,0.0493827,0.142716,0,0,0,,0,0,0,1,0,0,1,0,0,1,0,0,0,0,0
"FSA Costs Multiplier 4 Fee Shifting Multiplier 1.5 Moderately Risk Averse Fee Rule Reverse 68 Damages Dispute","6","Damages Strength9",0.1,0,0.100001,0.5,1,0,1,1,,,,,0,,,,,0,0,0,,10.4,9,1000.1,998.808,0.6,0.111111,0.488889,0.6,0.0123457,0.239012,0,0,0,,0,0,0,1,0,0,1,0,0,1,0,0,0,0,0
"FSA Costs Multiplier 4 Fee Shifting Multiplier 1.5 Moderately Risk Averse Fee Rule Reverse 68 Damages Dispute","6","Damages Strength10",0.1,0,0.100001,0.5,1,0,1,1,,,,,0,,,,,0,0,0,,10.4,9,1000.1,998.808,0.6,0,0.6,0.6,0,0.36,0,0,0,,0,0,0,1,0,0,1,0,0,1,0,0,0,0,0
"FSA Costs Multiplier 4 Fee Shifting Multiplier 1.5 Moderately Risk Averse Fee Rule Reverse 68 Damages Dispute","6","PDamagesSignal1",0.088,0,0.088,0.5,1,0,1,1,,,,,0,,,,,0,0,0,,10.4,9,1000.1,998.808,0.6,0.949512,1.3068E-5,0.949525,0.906888,7.5739E-07,0,0,0,,0,0,0,1,0,0,1,0,0,1,0,0,0,0,0
"FSA Costs Multiplier 4 Fee Shifting Multiplier 1.5 Moderately Risk Averse Fee Rule Reverse 68 Damages Dispute","6","PDamagesSignal2",0.107,0,0.107,0.5,1,0,1,1,,,,,0,,,,,0,0,0,,10.4,9,1000.1,998.808,0.6,0.885385,0.0002835,0.885668,0.794197,1.66848E-05,0,0,0,,0,0,0,1,0,0,1,0,0,1,0,0,0,0,0
"FSA Costs Multiplier 4 Fee Shifting Multiplier 1.5 Moderately Risk Averse Fee Rule Reverse 68 Damages Dispute","6","PDamagesSignal3",0.1041,0,0.10406,0.5,1,0,1,1,,,,,0,,,,,0,0,0,,10.4,9,1000.1,998.808,0.6,0.783376,0.0035433,0.78692,0.627308,0.000270521,0,0,0,,0,0,0,1,0,0,1,0,0,1,0,0,0,0,0
"FSA Costs Multiplier 4 Fee Shifting Multiplier 1.5 Moderately Risk Averse Fee Rule Reverse 68 Damages Dispute","6","PDamagesSignal4",0.1008,0,0.10084,0.5,1,0,1,1,,,,,0,,,,,0,0,0,,10.4,9,1000.1,998.808,0.6,0.668564,0.0216724,0.690236,0.460717,0.00238302,0,0,0,,0,0,0,1,0,0,1,0,0,1,0,0,0,0,0
"FSA Costs Multiplier 4 Fee Shifting Multiplier 1.5 Moderately Risk Averse Fee Rule Reverse 68 Damages Dispute","6","PDamagesSignal5",0.1001,0,0.1001,0.5,1,0,1,1,,,,,0,,,,,0,0,0,,10.4,9,1000.1,998.808,0.6,0.555812,0.0731014,0.628913,0.322381,0.0118214,0,0,0,,0,0,0,1,0,0,1,0,0,1,0,0,0,0,0
"FSA Costs Multiplier 4 Fee Shifting Multiplier 1.5 Moderately Risk Averse Fee Rule Reverse 68 Damages Dispute","6","PDamagesSignal6",0.1001,0,0.1001,0.5,1,0,1,1,,,,,0,,,,,0,0,0,,10.4,9,1000.1,998.808,0.6,0.444193,0.160984,0.605178,0.210763,0.0372503,0,0,0,,0,0,0,1,0,0,1,0,0,1,0,0,0,0,0
"FSA Costs Multiplier 4 Fee Shifting Multiplier 1.5 Moderately Risk Averse Fee Rule Reverse 68 Damages Dispute","6","PDamagesSignal7",0.1008,0,0.10084,0.5,1,0,1,1,,,,,0,,,,,0,0,0,,10.4,9,1000.1,998.808,0.6,0.331431,0.269006,0.600436,0.123585,0.0858341,0,0,0,,0,0,0,1,0,0,1,0,0,1,0,0,0,0,0
"FSA Costs Multiplier 4 Fee Shifting Multiplier 1.5 Moderately Risk Averse Fee Rule Reverse 68 Damages Dispute","6","PDamagesSignal8",0.1041,0,0.10406,0.5,1,0,1,1,,,,,0,,,,,0,0,0,,10.4,9,1000.1,998.808,0.6,0.216618,0.383397,0.600015,0.0605512,0.160608,0,0,0,,0,0,0,1,0,0,1,0,0,1,0,0,0,0,0
"FSA Costs Multiplier 4 Fee Shifting Multiplier 1.5 Moderately Risk Averse Fee Rule Reverse 68 Damages Dispute","6","PDamagesSignal9",0.107,0,0.107,0.5,1,0,1,1,,,,,0,,,,,0,0,0,,10.4,9,1000.1,998.808,0.6,0.11461,0.48539,0.6,0.0234238,0.245892,0,0,0,,0,0,0,1,0,0,1,0,0,1,0,0,0,0,0
"FSA Costs Multiplier 4 Fee Shifting Multiplier 1.5 Moderately Risk Averse Fee Rule Reverse 68 Damages Dispute","6","PDamagesSignal10",0.088,0,0.088,0.5,1,0,1,1,,,,,0,,,,,0,0,0,,10.4,9,1000.1,998.808,0.6,0.0504835,0.549517,0.6,0.00786214,0.307282,0,0,0,,0,0,0,1,0,0,1,0,0,1,0,0,0,0,0
"FSA Costs Multiplier 4 Fee Shifting Multiplier 1.5 Moderately Risk Averse Fee Rule Reverse 68 Damages Dispute","6","DDamagesSignal1",0.088,0,0.0879999,0.5,1,0,1,1,,,,,0,,,,,0,0,0,,10.4,9,1000.1,998.808,0.6,0.949517,1.2002E-5,0.949529,0.906895,5.94978E-07,0,0,0,,0,0,0,1,0,0,1,0,0,1,0,0,0,0,0
"FSA Costs Multiplier 4 Fee Shifting Multiplier 1.5 Moderately Risk Averse Fee Rule Reverse 68 Damages Dispute","6","DDamagesSignal2",0.107,0,0.106999,0.5,1,0,1,1,,,,,0,,,,,0,0,0,,10.4,9,1000.1,998.808,0.6,0.885387,0.000282,0.885669,0.794199,1.63757E-05,0,0,0,,0,0,0,1,0,0,1,0,0,1,0,0,0,0,0
"FSA Costs Multiplier 4 Fee Shifting Multiplier 1.5 Moderately Risk Averse Fee Rule Reverse 68 Damages Dispute","6","DDamagesSignal3",0.1041,0,0.104059,0.5,1,0,1,1,,,,,0,,,,,0,0,0,,10.4,9,1000.1,998.808,0.6,0.783382,0.003541,0.786923,0.627314,0.000270009,0,0,0,,0,0,0,1,0,0,1,0,0,1,0,0,0,0,0
"FSA Costs Multiplier 4 Fee Shifting Multiplier 1.5 Moderately Risk Averse Fee Rule Reverse 68 Damages Dispute","6","DDamagesSignal4",0.1008,0,0.100836,0.5,1,0,1,1,,,,,0,,,,,0,0,0,,10.4,9,1000.1,998.808,0.6,0.668568,0.0216702,0.690238,0.460722,0.00238238,0,0,0,,0,0,0,1,0,0,1,0,0,1,0,0,0,0,0
"FSA Costs Multiplier 4 Fee Shifting Multiplier 1.5 Moderately Risk Averse Fee Rule Reverse 68 Damages Dispute","6","DDamagesSignal5",0.1001,0,0.100103,0.5,1,0,1,1,,,,,0,,,,,0,0,0,,10.4,9,1000.1,998.808,0.6,0.555807,0.0731051,0.628912,0.322376,0.0118227,0,0,0,,0,0,0,1,0,0,1,0,0,1,0,0,0,0,0
"FSA Costs Multiplier 4 Fee Shifting Multiplier 1.5 Moderately Risk Averse Fee Rule Reverse 68 Damages Dispute","6","DDamagesSignal6",0.1001,0,0.100103,0.5,1,0,1,1,,,,,0,,,,,0,0,0,,10.4,9,1000.1,998.808,0.6,0.444193,0.160984,0.605178,0.210763,0.0372505,0,0,0,,0,0,0,1,0,0,1,0,0,1,0,0,0,0,0
"FSA Costs Multiplier 4 Fee Shifting Multiplier 1.5 Moderately Risk Averse Fee Rule Reverse 68 Damages Dispute","6","DDamagesSignal7",0.1008,0,0.100836,0.5,1,0,1,1,,,,,0,,,,,0,0,0,,10.4,9,1000.1,998.808,0.6,0.331432,0.269005,0.600437,0.123586,0.0858334,0,0,0,,0,0,0,1,0,0,1,0,0,1,0,0,0,0,0
"FSA Costs Multiplier 4 Fee Shifting Multiplier 1.5 Moderately Risk Averse Fee Rule Reverse 68 Damages Dispute","6","DDamagesSignal8",0.1041,0,0.104059,0.5,1,0,1,1,,,,,0,,,,,0,0,0,,10.4,9,1000.1,998.808,0.6,0.216618,0.383397,0.600015,0.0605509,0.160608,0,0,0,,0,0,0,1,0,0,1,0,0,1,0,0,0,0,0
"FSA Costs Multiplier 4 Fee Shifting Multiplier 1.5 Moderately Risk Averse Fee Rule Reverse 68 Damages Dispute","6","DDamagesSignal9",0.107,0,0.106999,0.5,1,0,1,1,,,,,0,,,,,0,0,0,,10.4,9,1000.1,998.808,0.6,0.114613,0.485388,0.6,0.0234246,0.245889,0,0,0,,0,0,0,1,0,0,1,0,0,1,0,0,0,0,0
"FSA Costs Multiplier 4 Fee Shifting Multiplier 1.5 Moderately Risk Averse Fee Rule Reverse 68 Damages Dispute","6","DDamagesSignal10",0.088,0,0.0880059,0.5,1,0,1,1,,,,,0,,,,,0,0,0,,10.4,9,1000.1,998.808,0.6,0.0504969,0.549503,0.6,0.00786884,0.307273,0,0,0,,0,0,0,1,0,0,1,0,0,1,0,0,0,0,0
"FSA Costs Multiplier 4 Fee Shifting Multiplier 1.5 Moderately Risk Averse Fee Rule Reverse 68 Damages Dispute","6","MutOptDamages5",0.0004,0,0.000446765,0.5,1,0,1,1,,,,,0,,,,,0,0,0,,10.4,9,1000.1,998.808,0.6,0.499858,0.134397,0.634255,0.281299,0.0362244,0,0,0,,0,0,0,1,0,0,1,0,0,1,0,0,0,0,0
"FSA Costs Multiplier 4 Fee Shifting Multiplier 1.5 Moderately Risk Averse Fee Rule Reverse 68 Damages Dispute","6","MutOptDamages4",0.0041,0,0.0041219,0.5,1,0,1,1,,,,,0,,,,,0,0,0,,10.4,9,1000.1,998.808,0.6,0.500035,0.147614,0.647649,0.294918,0.0458293,0,0,0,,0,0,0,1,0,0,1,0,0,1,0,0,0,0,0
"FSA Costs Multiplier 4 Fee Shifting Multiplier 1.5 Moderately Risk Averse Fee Rule Reverse 68 Damages Dispute","6","MutOptDamages3",0.0249,0,0.0248756,0.5,1,0,1,1,,,,,0,,,,,0,0,0,,10.4,9,1000.1,998.808,0.6,0.500003,0.162533,0.662536,0.31188,0.0575001,0,0,0,,0,0,0,1,0,0,1,0,0,1,0,0,0,0,0
"FSA Costs Multiplier 4 Fee Shifting Multiplier 1.5 Moderately Risk Averse Fee Rule Reverse 68 Damages Dispute","6","MutOptDamages2",0.094,0,0.0940384,0.5,1,0,1,1,,,,,0,,,,,0,0,0,,10.4,9,1000.1,998.808,0.6,0.499998,0.179246,0.679244,0.332855,0.0714855,0,0,0,,0,0,0,1,0,0,1,0,0,1,0,0,0,0,0
"FSA Costs Multiplier 4 Fee Shifting Multiplier 1.5 Moderately Risk Averse Fee Rule Reverse 68 Damages Dispute","6","MutOptDamages1",0.2205,0,0.220541,0.5,1,0,1,1,,,,,0,,,,,0,0,0,,10.4,9,1000.1,998.808,0.6,0.500002,0.19495,0.694952,0.353775,0.0852015,0,0,0,,0,0,0,1,0,0,1,0,0,1,0,0,0,0,0
"FSA Costs Multiplier 4 Fee Shifting Multiplier 1.5 Moderately Risk Averse Fee Rule Reverse 68 Damages Dispute","6","MutOptDamages0",0.3119,0,0.311947,0.5,1,0,1,1,,,,,0,,,,,0,0,0,,10.4,9,1000.1,998.808,0.6,0.499999,0.205831,0.70583,0.368671,0.0949022,0,0,0,,0,0,0,1,0,0,1,0,0,1,0,0,0,0,0
"FSA Costs Multiplier 4 Fee Shifting Multiplier 1.5 Moderately Risk Averse Fee Rule Reverse 68 Damages Dispute","6","MutOptDamages-1",0.2205,0,0.220543,0.5,1,0,1,1,,,,,0,,,,,0,0,0,,10.4,9,1000.1,998.808,0.6,0.499996,0.194954,0.69495,0.353769,0.0852039,0,0,0,,0,0,0,1,0,0,1,0,0,1,0,0,0,0,0
"FSA Costs Multiplier 4 Fee Shifting Multiplier 1.5 Moderately Risk Averse Fee Rule Reverse 68 Damages Dispute","6","MutOptDamages-2",0.094,0,0.0940395,0.5,1,0,1,1,,,,,0,,,,,0,0,0,,10.4,9,1000.1,998.808,0.6,0.499997,0.179247,0.679244,0.332855,0.0714865,0,0,0,,0,0,0,1,0,0,1,0,0,1,0,0,0,0,0
"FSA Costs Multiplier 4 Fee Shifting Multiplier 1.5 Moderately Risk Averse Fee Rule Reverse 68 Damages Dispute","6","MutOptDamages-3",0.0249,0,0.0248766,0.5,1,0,1,1,,,,,0,,,,,0,0,0,,10.4,9,1000.1,998.808,0.6,0.499983,0.162548,0.662531,0.311863,0.057508,0,0,0,,0,0,0,1,0,0,1,0,0,1,0,0,0,0,0
"FSA Costs Multiplier 4 Fee Shifting Multiplier 1.5 Moderately Risk Averse Fee Rule Reverse 68 Damages Dispute","6","MutOptDamages-4",0.0041,0,0.00412089,0.5,1,0,1,1,,,,,0,,,,,0,0,0,,10.4,9,1000.1,998.808,0.6,0.500034,0.147603,0.647637,0.294906,0.0458218,0,0,0,,0,0,0,1,0,0,1,0,0,1,0,0,0,0,0
"FSA Costs Multiplier 4 Fee Shifting Multiplier 1.5 Moderately Risk Averse Fee Rule Reverse 68 Damages Dispute","6","MutOptDamages-5",0.0004,0,0.000449763,0.5,1,0,1,1,,,,,0,,,,,0,0,0,,10.4,9,1000.1,998.808,0.6,0.499876,0.134244,0.634119,0.281137,0.0360603,0,0,0,,0,0,0,1,0,0,1,0,0,1,0,0,0,0,0
"FSA Costs Multiplier 4 Fee Shifting Multiplier 1.5 Moderately Risk Averse Fee Rule Reverse 68 Damages Dispute","6","PSignal Liab 1 Dam 1",0.088,0,0.088,0.5,1,0,1,1,,,,,0,,,,,0,0,0,,10.4,9,1000.1,998.808,0.6,0.949512,1.3068E-5,0.949525,0.906888,7.5739E-07,0,0,0,,0,0,0,1,0,0,1,0,0,1,0,0,0,0,0
"FSA Costs Multiplier 4 Fee Shifting Multiplier 1.5 Moderately Risk Averse Fee Rule Reverse 68 Damages Dispute","6","PSignal Liab 1 Dam 2",0.107,0,0.107,0.5,1,0,1,1,,,,,0,,,,,0,0,0,,10.4,9,1000.1,998.808,0.6,0.885385,0.0002835,0.885668,0.794197,1.66848E-05,0,0,0,,0,0,0,1,0,0,1,0,0,1,0,0,0,0,0
"FSA Costs Multiplier 4 Fee Shifting Multiplier 1.5 Moderately Risk Averse Fee Rule Reverse 68 Damages Dispute","6","PSignal Liab 1 Dam 3",0.1041,0,0.10406,0.5,1,0,1,1,,,,,0,,,,,0,0,0,,10.4,9,1000.1,998.808,0.6,0.783376,0.0035433,0.78692,0.627308,0.000270521,0,0,0,,0,0,0,1,0,0,1,0,0,1,0,0,0,0,0
"FSA Costs Multiplier 4 Fee Shifting Multiplier 1.5 Moderately Risk Averse Fee Rule Reverse 68 Damages Dispute","6","PSignal Liab 1 Dam 4",0.1008,0,0.10084,0.5,1,0,1,1,,,,,0,,,,,0,0,0,,10.4,9,1000.1,998.808,0.6,0.668564,0.0216724,0.690236,0.460717,0.00238302,0,0,0,,0,0,0,1,0,0,1,0,0,1,0,0,0,0,0
"FSA Costs Multiplier 4 Fee Shifting Multiplier 1.5 Moderately Risk Averse Fee Rule Reverse 68 Damages Dispute","6","PSignal Liab 1 Dam 5",0.1001,0,0.1001,0.5,1,0,1,1,,,,,0,,,,,0,0,0,,10.4,9,1000.1,998.808,0.6,0.555812,0.0731014,0.628913,0.322381,0.0118214,0,0,0,,0,0,0,1,0,0,1,0,0,1,0,0,0,0,0
"FSA Costs Multiplier 4 Fee Shifting Multiplier 1.5 Moderately Risk Averse Fee Rule Reverse 68 Damages Dispute","6","PSignal Liab 1 Dam 6",0.1001,0,0.1001,0.5,1,0,1,1,,,,,0,,,,,0,0,0,,10.4,9,1000.1,998.808,0.6,0.444193,0.160984,0.605178,0.210763,0.0372503,0,0,0,,0,0,0,1,0,0,1,0,0,1,0,0,0,0,0
"FSA Costs Multiplier 4 Fee Shifting Multiplier 1.5 Moderately Risk Averse Fee Rule Reverse 68 Damages Dispute","6","PSignal Liab 1 Dam 7",0.1008,0,0.10084,0.5,1,0,1,1,,,,,0,,,,,0,0,0,,10.4,9,1000.1,998.808,0.6,0.331431,0.269006,0.600436,0.123585,0.0858341,0,0,0,,0,0,0,1,0,0,1,0,0,1,0,0,0,0,0
"FSA Costs Multiplier 4 Fee Shifting Multiplier 1.5 Moderately Risk Averse Fee Rule Reverse 68 Damages Dispute","6","PSignal Liab 1 Dam 8",0.1041,0,0.10406,0.5,1,0,1,1,,,,,0,,,,,0,0,0,,10.4,9,1000.1,998.808,0.6,0.216618,0.383397,0.600015,0.0605512,0.160608,0,0,0,,0,0,0,1,0,0,1,0,0,1,0,0,0,0,0
"FSA Costs Multiplier 4 Fee Shifting Multiplier 1.5 Moderately Risk Averse Fee Rule Reverse 68 Damages Dispute","6","PSignal Liab 1 Dam 9",0.107,0,0.107,0.5,1,0,1,1,,,,,0,,,,,0,0,0,,10.4,9,1000.1,998.808,0.6,0.11461,0.48539,0.6,0.0234238,0.245892,0,0,0,,0,0,0,1,0,0,1,0,0,1,0,0,0,0,0
"FSA Costs Multiplier 4 Fee Shifting Multiplier 1.5 Moderately Risk Averse Fee Rule Reverse 68 Damages Dispute","6","PSignal Liab 1 Dam 10",0.088,0,0.088,0.5,1,0,1,1,,,,,0,,,,,0,0,0,,10.4,9,1000.1,998.808,0.6,0.0504835,0.549517,0.6,0.00786214,0.307282,0,0,0,,0,0,0,1,0,0,1,0,0,1,0,0,0,0,0
"FSA Costs Multiplier 4 Fee Shifting Multiplier 1.5 Moderately Risk Averse Fee Rule Reverse 68 Damages Dispute","6","DSignal Liab 1 Dam 1",0.088,0,0.0879999,0.5,1,0,1,1,,,,,0,,,,,0,0,0,,10.4,9,1000.1,998.808,0.6,0.949517,1.2002E-5,0.949529,0.906895,5.94978E-07,0,0,0,,0,0,0,1,0,0,1,0,0,1,0,0,0,0,0
"FSA Costs Multiplier 4 Fee Shifting Multiplier 1.5 Moderately Risk Averse Fee Rule Reverse 68 Damages Dispute","6","DSignal Liab 1 Dam 2",0.107,0,0.106999,0.5,1,0,1,1,,,,,0,,,,,0,0,0,,10.4,9,1000.1,998.808,0.6,0.885387,0.000282,0.885669,0.794199,1.63757E-05,0,0,0,,0,0,0,1,0,0,1,0,0,1,0,0,0,0,0
"FSA Costs Multiplier 4 Fee Shifting Multiplier 1.5 Moderately Risk Averse Fee Rule Reverse 68 Damages Dispute","6","DSignal Liab 1 Dam 3",0.1041,0,0.104059,0.5,1,0,1,1,,,,,0,,,,,0,0,0,,10.4,9,1000.1,998.808,0.6,0.783382,0.003541,0.786923,0.627314,0.000270009,0,0,0,,0,0,0,1,0,0,1,0,0,1,0,0,0,0,0
"FSA Costs Multiplier 4 Fee Shifting Multiplier 1.5 Moderately Risk Averse Fee Rule Reverse 68 Damages Dispute","6","DSignal Liab 1 Dam 4",0.1008,0,0.100836,0.5,1,0,1,1,,,,,0,,,,,0,0,0,,10.4,9,1000.1,998.808,0.6,0.668568,0.0216702,0.690238,0.460722,0.00238238,0,0,0,,0,0,0,1,0,0,1,0,0,1,0,0,0,0,0
"FSA Costs Multiplier 4 Fee Shifting Multiplier 1.5 Moderately Risk Averse Fee Rule Reverse 68 Damages Dispute","6","DSignal Liab 1 Dam 5",0.1001,0,0.100103,0.5,1,0,1,1,,,,,0,,,,,0,0,0,,10.4,9,1000.1,998.808,0.6,0.555807,0.0731051,0.628912,0.322376,0.0118227,0,0,0,,0,0,0,1,0,0,1,0,0,1,0,0,0,0,0
"FSA Costs Multiplier 4 Fee Shifting Multiplier 1.5 Moderately Risk Averse Fee Rule Reverse 68 Damages Dispute","6","DSignal Liab 1 Dam 6",0.1001,0,0.100103,0.5,1,0,1,1,,,,,0,,,,,0,0,0,,10.4,9,1000.1,998.808,0.6,0.444193,0.160984,0.605178,0.210763,0.0372505,0,0,0,,0,0,0,1,0,0,1,0,0,1,0,0,0,0,0
"FSA Costs Multiplier 4 Fee Shifting Multiplier 1.5 Moderately Risk Averse Fee Rule Reverse 68 Damages Dispute","6","DSignal Liab 1 Dam 7",0.1008,0,0.100836,0.5,1,0,1,1,,,,,0,,,,,0,0,0,,10.4,9,1000.1,998.808,0.6,0.331432,0.269005,0.600437,0.123586,0.0858334,0,0,0,,0,0,0,1,0,0,1,0,0,1,0,0,0,0,0
"FSA Costs Multiplier 4 Fee Shifting Multiplier 1.5 Moderately Risk Averse Fee Rule Reverse 68 Damages Dispute","6","DSignal Liab 1 Dam 8",0.1041,0,0.104059,0.5,1,0,1,1,,,,,0,,,,,0,0,0,,10.4,9,1000.1,998.808,0.6,0.216618,0.383397,0.600015,0.0605509,0.160608,0,0,0,,0,0,0,1,0,0,1,0,0,1,0,0,0,0,0
"FSA Costs Multiplier 4 Fee Shifting Multiplier 1.5 Moderately Risk Averse Fee Rule Reverse 68 Damages Dispute","6","DSignal Liab 1 Dam 9",0.107,0,0.106999,0.5,1,0,1,1,,,,,0,,,,,0,0,0,,10.4,9,1000.1,998.808,0.6,0.114613,0.485388,0.6,0.0234246,0.245889,0,0,0,,0,0,0,1,0,0,1,0,0,1,0,0,0,0,0
"FSA Costs Multiplier 4 Fee Shifting Multiplier 1.5 Moderately Risk Averse Fee Rule Reverse 68 Damages Dispute","6","DSignal Liab 1 Dam 10",0.088,0,0.0880059,0.5,1,0,1,1,,,,,0,,,,,0,0,0,,10.4,9,1000.1,998.808,0.6,0.0504969,0.549503,0.6,0.00786884,0.307273,0,0,0,,0,0,0,1,0,0,1,0,0,1,0,0,0,0,0
"FSA Costs Multiplier 4 Fee Shifting Multiplier 1.5 Moderately Risk Averse Fee Rule Reverse 68 Damages Dispute","6","PDoesntFile",0,0,0,,,,,,,,,,,,,,,,,,,,,,,,,,,,,,,,,,,,,,,,,,,,,,,
"FSA Costs Multiplier 4 Fee Shifting Multiplier 1.5 Moderately Risk Averse Fee Rule Reverse 68 Damages Dispute","6","P Files",1,0,1,0.5,1,0,1,1,,,,,0,,,,,0,0,0,,10.4,9,1000.1,998.808,0.6,0.499998,0.193335,0.693333,0.351851,0.083902,0,0,0,,0,0,0,1,0,0,1,0,0,1,0,0,0,0,0
"FSA Costs Multiplier 4 Fee Shifting Multiplier 1.5 Moderately Risk Averse Fee Rule Reverse 68 Damages Dispute","6","DDoesntAnswer",1,0,1,0.5,1,0,1,1,,,,,0,,,,,0,0,0,,10.4,9,1000.1,998.808,0.6,0.499998,0.193335,0.693333,0.351851,0.083902,0,0,0,,0,0,0,1,0,0,1,0,0,1,0,0,0,0,0
"FSA Costs Multiplier 4 Fee Shifting Multiplier 1.5 Moderately Risk Averse Fee Rule Reverse 68 Damages Dispute","6","D Answers",0,0,0,,,,,,,,,,,,,,,,,,,,,,,,,,,,,,,,,,,,,,,,,,,,,,,
"FSA Costs Multiplier 4 Fee Shifting Multiplier 1.5 Moderately Risk Averse Fee Rule Reverse 68 Damages Dispute","6","Settles1",0,0,0,,,,,,,,,,,,,,,,,,,,,,,,,,,,,,,,,,,,,,,,,,,,,,,
"FSA Costs Multiplier 4 Fee Shifting Multiplier 1.5 Moderately Risk Averse Fee Rule Reverse 68 Damages Dispute","6","DoesntSettle1",0,0,0,,,,,,,,,,,,,,,,,,,,,,,,,,,,,,,,,,,,,,,,,,,,,,,
"FSA Costs Multiplier 4 Fee Shifting Multiplier 1.5 Moderately Risk Averse Fee Rule Reverse 68 Damages Dispute","6","PAbandons1",0,0,0,,,,,,,,,,,,,,,,,,,,,,,,,,,,,,,,,,,,,,,,,,,,,,,
"FSA Costs Multiplier 4 Fee Shifting Multiplier 1.5 Moderately Risk Averse Fee Rule Reverse 68 Damages Dispute","6","PDoesntAbandon1",0,0,0,,,,,,,,,,,,,,,,,,,,,,,,,,,,,,,,,,,,,,,,,,,,,,,
"FSA Costs Multiplier 4 Fee Shifting Multiplier 1.5 Moderately Risk Averse Fee Rule Reverse 68 Damages Dispute","6","DDefaults1",0,0,0,,,,,,,,,,,,,,,,,,,,,,,,,,,,,,,,,,,,,,,,,,,,,,,
"FSA Costs Multiplier 4 Fee Shifting Multiplier 1.5 Moderately Risk Averse Fee Rule Reverse 68 Damages Dispute","6","DDoesntDefault1",0,0,0,,,,,,,,,,,,,,,,,,,,,,,,,,,,,,,,,,,,,,,,,,,,,,,
"FSA Costs Multiplier 4 Fee Shifting Multiplier 1.5 Moderately Risk Averse Fee Rule Reverse 68 Damages Dispute","6","POrDQuits1",0,0,0,,,,,,,,,,,,,,,,,,,,,,,,,,,,,,,,,,,,,,,,,,,,,,,
"FSA Costs Multiplier 4 Fee Shifting Multiplier 1.5 Moderately Risk Averse Fee Rule Reverse 68 Damages Dispute","6","P Loses",0,0,0,,,,,,,,,,,,,,,,,,,,,,,,,,,,,,,,,,,,,,,,,,,,,,,
"FSA Costs Multiplier 4 Fee Shifting Multiplier 1.5 Moderately Risk Averse Fee Rule Reverse 68 Damages Dispute","6","P Wins",0,0,0,,,,,,,,,,,,,,,,,,,,,,,,,,,,,,,,,,,,,,,,,,,,,,,
